graph 1
100 22 91 18 9 27 36 71 5 75 17 19 65 53 99 81 94 50 45 96 90 98 8 40 67 26 37 33 43 62 15 23 7 78 44 54 48 4 72 6 46 30 10 85 52 61 97 11 31 88 56 32 92 34 86 13 82 16 58 28 79 20 59 74 3 42 64 73 12 14 29 47 68 83 76 95 25 55 80 39 60 1
49 41 89 66 51 63 24 69 70 2 35 57 21 84 87 38 77 93
5 71 27 9 36 18 91 22 75 8 95 25 100 17 94 40 55 80 19 50 67 39 60 65 81 45 90 98 26 74 1 53 99 96 37 3 33 43 58 59 42 64 76 62 28 79 73 83 15 23 44 82 20 12 68 7 54 16 14 29 47 78 48 72 86 4 6 10 85 13 46 52 61 30 97 11 32 34 56 31 92 88
32 97 11 31 88 56 34 61 85 52 72 6 46 30 10 54 44 62 15 23 7 78 43 37 26 67 40 8 91 18 9 27 36 71 5 22 25 55 80 39 60 1 100 75 17 19 65 53 99 81 94 50 45 96 90 98 95 74 3 42 64 73 12 14 29 47 68 83 76 33 58 28 79 20 59 82 16 48 4 86 13 92
40 8 91 18 9 27 36 71 5 22 25 55 80 39 60 1 100 75 17 19 65 53 99 81 94 50 45 96 90 98 95 67 26 37 33 43 62 15 23 7 78 44 54 48 4 72 6 46 30 10 85 52 61 97 11 31 88 56 32 92 34 86 13 82 16 58 28 79 20 59 74 3 42 64 73 12 14 29 47 68 83 76
84 2 70 21 35 57 24 87 38 77 51 93 41 66 69 49 63 89
44 54 48 4 72 6 46 30 10 85 52 61 97 11 31 88 56 32 92 34 86 13 62 15 23 7 78 43 37 26 67 40 8 91 18 9 27 36 71 5 22 25 55 80 39 60 1 100 75 17 19 65 53 99 81 94 50 45 96 90 98 95 74 3 42 64 73 12 14 29 47 68 83 76 33 58 28 79 20 59 82 16
19 17 65 81 75 53 99 91 94 18 22 8 95 50 9 25 100 40 45 90 98 27 55 80 67 96 36 71 39 60 26 74 5 1 37 3 33 43 58 59 42 64 76 62 28 79 73 83 15 23 44 82 20 12 68 7 54 16 14 29 47 78 48 72 86 4 6 10 85 13 46 52 61 30 97 11 32 34 56 31 92 88
94 50 75 45 90 98 17 91 96 19 18 22 8 95 65 81 9 25 100 40 53 99 27 55 80 67 36 71 39 60 26 74 5 1 37 3 33 43 58 59 42 64 76 62 28 79 73 83 15 23 44 82 20 12 68 7 54 16 14 29 47 78 48 72 86 4 6 10 85 13 46 52 61 30 97 11 32 34 56 31 92 88
63 66 41 49 89 51 24 70 2 21 84 35 87 57 38 93 77 69
61 97 11 31 88 56 32 92 34 85 52 72 6 46 30 10 54 44 62 15 23 7 78 43 37 26 67 40 8 91 18 9 27 36 71 5 22 25 55 80 39 60 1 100 75 17 19 65 53 99 81 94 50 45 96 90 98 95 74 3 42 64 73 12 14 29 47 68 83 76 33 58 28 79 20 59 82 16 48 4 86 13
34 97 11 32 61 56 31 92 85 88 52 72 6 10 54 46 44 48 86 30 62 4 13 15 23 43 82 7 37 16 78 26 33 58 59 67 28 79 40 74 20 8 3 91 42 64 76 18 22 75 95 73 83 9 25 100 17 94 12 68 27 55 80 19 50 14 29 47 36 71 39 60 65 81 45 90 98 5 1 53 99 96
10 72 6 54 85 46 44 48 86 52 61 30 62 4 13 97 15 23 43 82 11 32 34 56 7 37 16 31 92 78 26 33 58 59 88 67 28 79 40 74 20 8 3 91 42 64 76 18 22 75 95 73 83 9 25 100 17 94 12 68 27 55 80 19 50 14 29 47 36 71 39 60 65 81 45 90 98 5 1 53 99 96
3 74 42 64 76 67 73 83 40 26 12 68 8 37 14 29 47 91 33 43 58 59 18 22 75 95 62 28 79 9 25 100 17 94 15 23 44 82 20 27 55 80 19 50 7 54 16 36 71 39 60 65 81 45 90 98 78 48 72 86 5 1 53 99 96 4 6 10 85 13 46 52 61 30 97 11 32 34 56 31 92 88
65 53 19 99 17 81 75 91 94 18 22 8 95 50 9 25 100 40 45 90 98 27 55 80 67 96 36 71 39 60 26 74 5 1 37 3 33 43 58 59 42 64 76 62 28 79 73 83 15 23 44 82 20 12 68 7 54 16 14 29 47 78 48 72 86 4 6 10 85 13 46 52 61 30 97 11 32 34 56 31 92 88
29 12 73 14 47 68 64 3 83 74 42 76 67 40 26 8 37 91 33 43 58 59 18 22 75 95 62 28 79 9 25 100 17 94 15 23 44 82 20 27 55 80 19 50 7 54 16 36 71 39 60 65 81 45 90 98 78 48 72 86 5 1 53 99 96 4 6 10 85 13 46 52 61 30 97 11 32 34 56 31 92 88
71 5 27 9 18 91 22 25 55 80 39 60 1 100 75 17 19 65 53 99 81 94 50 45 96 90 98 8 40 67 26 37 33 43 62 15 23 7 78 44 54 48 4 72 6 46 30 10 85 52 61 97 11 31 88 56 32 92 34 86 13 82 16 58 28 79 20 59 74 3 42 64 73 12 14 29 47 68 83 76 95 36
38 57 93 70 77 2 35 24 21 84 87 51 41 66 69 49 63 89
26 37 67 33 43 58 59 40 74 62 28 79 8 3 15 23 44 82 20 91 42 64 76 7 54 16 18 22 75 95 73 83 78 48 72 86 9 25 100 17 94 12 68 4 6 10 85 13 27 55 80 19 50 14 29 47 46 52 61 36 71 39 60 65 81 45 90 98 30 97 5 1 53 99 96 11 32 34 56 31 92 88
1 60 80 39 25 22 55 91 100 18 75 8 95 9 17 94 40 27 19 50 67 36 71 65 81 45 90 98 26 74 5 53 99 96 37 3 33 43 58 59 42 64 76 62 28 79 73 83 15 23 44 82 20 12 68 7 54 16 14 29 47 78 48 72 86 4 6 10 85 13 46 52 61 30 97 11 32 34 56 31 92 88
14 12 73 29 47 68 64 3 83 74 42 76 67 40 26 8 37 91 33 43 58 59 18 22 75 95 62 28 79 9 25 100 17 94 15 23 44 82 20 27 55 80 19 50 7 54 16 36 71 39 60 65 81 45 90 98 78 48 72 86 5 1 53 99 96 4 6 10 85 13 46 52 61 30 97 11 32 34 56 31 92 88
69 51 24 70 2 21 84 35 87 57 38 93 77 41 66 63 49 89
89 49 41 66 63 51 24 70 2 21 84 35 87 57 38 93 77 69
48 4 54 44 62 15 23 7 78 43 37 26 67 40 8 91 18 9 27 36 71 5 22 25 55 80 39 60 1 100 75 17 19 65 53 99 81 94 50 45 96 90 98 95 74 3 42 64 73 12 14 29 47 68 83 76 33 58 28 79 20 59 82 16 72 6 46 30 10 85 52 61 97 11 31 88 56 32 92 34 86 13
6 72 46 10 54 85 30 44 48 86 52 61 62 4 13 97 15 23 43 82 11 32 34 56 7 37 16 31 92 78 26 33 58 59 88 67 28 79 40 74 20 8 3 91 42 64 76 18 22 75 95 73 83 9 25 100 17 94 12 68 27 55 80 19 50 14 29 47 36 71 39 60 65 81 45 90 98 5 1 53 99 96
57 38 70 77 93 2 35 24 21 84 87 51 41 66 69 49 63 89
50 45 94 90 98 96 75 17 91 19 18 22 8 95 65 81 9 25 100 40 53 99 27 55 80 67 36 71 39 60 26 74 5 1 37 3 33 43 58 59 42 64 76 62 28 79 73 83 15 23 44 82 20 12 68 7 54 16 14 29 47 78 48 72 86 4 6 10 85 13 46 52 61 30 97 11 32 34 56 31 92 88
66 41 49 89 51 24 70 2 21 84 35 87 57 38 93 77 69 63
11 97 32 92 34 61 85 52 72 6 46 30 10 54 44 62 15 23 7 78 43 37 26 67 40 8 91 18 9 27 36 71 5 22 25 55 80 39 60 1 100 75 17 19 65 53 99 81 94 50 45 96 90 98 95 74 3 42 64 73 12 14 29 47 68 83 76 33 58 28 79 20 59 82 16 48 4 86 13 56 31 88
28 58 37 79 26 33 43 59 20 67 62 40 74 15 23 44 82 8 3 7 54 16 91 42 64 76 78 48 72 86 18 22 75 95 73 83 4 6 10 85 13 9 25 100 17 94 12 68 46 52 61 27 55 80 19 50 14 29 47 30 97 36 71 39 60 65 81 45 90 98 11 32 34 56 5 1 53 99 96 31 92 88
55 25 22 91 18 9 27 36 71 5 75 17 19 65 53 99 81 94 50 45 96 90 98 8 40 67 26 37 33 43 62 15 23 7 78 44 54 48 4 72 6 46 30 10 85 52 61 97 11 31 88 56 32 92 34 86 13 82 16 58 28 79 20 59 74 3 42 64 73 12 14 29 47 68 83 76 95 100 80 39 60 1
88 31 11 97 32 92 34 61 85 52 72 6 46 30 10 54 44 62 15 23 7 78 43 37 26 67 40 8 91 18 9 27 36 71 5 22 25 55 80 39 60 1 100 75 17 19 65 53 99 81 94 50 45 96 90 98 95 74 3 42 64 73 12 14 29 47 68 83 76 33 58 28 79 20 59 82 16 48 4 86 13 56
7 23 62 15 43 37 26 67 40 8 91 18 9 27 36 71 5 22 25 55 80 39 60 1 100 75 17 19 65 53 99 81 94 50 45 96 90 98 95 74 3 42 64 73 12 14 29 47 68 83 76 33 58 28 79 20 59 44 54 48 4 72 6 46 30 10 85 52 61 97 11 31 88 56 32 92 34 86 13 82 16 78
39 80 60 25 1 22 55 91 100 18 75 8 95 9 17 94 40 27 19 50 67 36 71 65 81 45 90 98 26 74 5 53 99 96 37 3 33 43 58 59 42 64 76 62 28 79 73 83 15 23 44 82 20 12 68 7 54 16 14 29 47 78 48 72 86 4 6 10 85 13 46 52 61 30 97 11 32 34 56 31 92 88
41 66 63 51 24 70 2 21 84 35 87 57 38 93 77 69 49 89
83 64 3 74 67 40 8 91 18 9 27 36 71 5 22 25 55 80 39 60 1 100 75 17 19 65 53 99 81 94 50 45 96 90 98 95 26 37 33 43 62 15 23 7 78 44 54 48 4 72 6 46 30 10 85 52 61 97 11 31 88 56 32 92 34 86 13 82 16 58 28 79 20 59 42 76 73 12 14 29 47 68
85 52 72 6 46 30 10 54 44 62 15 23 7 78 43 37 26 67 40 8 91 18 9 27 36 71 5 22 25 55 80 39 60 1 100 75 17 19 65 53 99 81 94 50 45 96 90 98 95 74 3 42 64 73 12 14 29 47 68 83 76 33 58 28 79 20 59 82 16 48 4 86 13 61 97 11 31 88 56 32 92 34
52 85 72 6 46 30 10 54 44 62 15 23 7 78 43 37 26 67 40 8 91 18 9 27 36 71 5 22 25 55 80 39 60 1 100 75 17 19 65 53 99 81 94 50 45 96 90 98 95 74 3 42 64 73 12 14 29 47 68 83 76 33 58 28 79 20 59 82 16 48 4 86 13 61 97 11 31 88 56 32 92 34
86 13 54 44 62 15 23 7 78 43 37 26 67 40 8 91 18 9 27 36 71 5 22 25 55 80 39 60 1 100 75 17 19 65 53 99 81 94 50 45 96 90 98 95 74 3 42 64 73 12 14 29 47 68 83 76 33 58 28 79 20 59 82 16 48 4 72 6 46 30 10 85 52 61 97 11 31 88 56 32 92 34
35 70 2 21 84 57 38 93 77 24 51 41 66 63 49 89 69 87
33 37 26 43 58 59 67 62 28 79 40 74 15 23 44 82 20 8 3 7 54 16 91 42 64 76 78 48 72 86 18 22 75 95 73 83 4 6 10 85 13 9 25 100 17 94 12 68 46 52 61 27 55 80 19 50 14 29 47 30 97 36 71 39 60 65 81 45 90 98 11 32 34 56 5 1 53 99 96 31 92 88
73 12 68 64 14 29 47 3 83 74 42 76 67 40 26 8 37 91 33 43 58 59 18 22 75 95 62 28 79 9 25 100 17 94 15 23 44 82 20 27 55 80 19 50 7 54 16 36 71 39 60 65 81 45 90 98 78 48 72 86 5 1 53 99 96 4 6 10 85 13 46 52 61 30 97 11 32 34 56 31 92 88
45 50 94 75 17 19 65 53 99 81 91 18 9 27 36 71 5 22 25 55 80 39 60 1 100 8 40 67 26 37 33 43 62 15 23 7 78 44 54 48 4 72 6 46 30 10 85 52 61 97 11 31 88 56 32 92 34 86 13 82 16 58 28 79 20 59 74 3 42 64 73 12 14 29 47 68 83 76 95 90 98 96
27 9 18 91 22 25 55 80 39 60 1 100 75 17 19 65 53 99 81 94 50 45 96 90 98 8 40 67 26 37 33 43 62 15 23 7 78 44 54 48 4 72 6 46 30 10 85 52 61 97 11 31 88 56 32 92 34 86 13 82 16 58 28 79 20 59 74 3 42 64 73 12 14 29 47 68 83 76 95 36 71 5
20 79 58 28 37 26 67 40 8 91 18 9 27 36 71 5 22 25 55 80 39 60 1 100 75 17 19 65 53 99 81 94 50 45 96 90 98 95 74 3 42 64 73 12 14 29 47 68 83 76 33 43 62 15 23 7 78 44 54 48 4 72 6 46 30 10 85 52 61 97 11 31 88 56 32 92 34 86 13 82 16 59
87 35 70 2 21 84 57 38 93 77 24 51 41 66 63 49 89 69
43 37 26 67 40 8 91 18 9 27 36 71 5 22 25 55 80 39 60 1 100 75 17 19 65 53 99 81 94 50 45 96 90 98 95 74 3 42 64 73 12 14 29 47 68 83 76 33 58 28 79 20 59 62 15 23 7 78 44 54 48 4 72 6 46 30 10 85 52 61 97 11 31 88 56 32 92 34 86 13 82 16
79 20 58 28 37 26 33 43 59 67 62 40 74 15 23 44 82 8 3 7 54 16 91 42 64 76 78 48 72 86 18 22 75 95 73 83 4 6 10 85 13 9 25 100 17 94 12 68 46 52 61 27 55 80 19 50 14 29 47 30 97 36 71 39 60 65 81 45 90 98 11 32 34 56 5 1 53 99 96 31 92 88
97 11 32 34 61 56 31 92 85 88 52 72 6 10 54 46 44 48 86 30 62 4 13 15 23 43 82 7 37 16 78 26 33 58 59 67 28 79 40 74 20 8 3 91 42 64 76 18 22 75 95 73 83 9 25 100 17 94 12 68 27 55 80 19 50 14 29 47 36 71 39 60 65 81 45 90 98 5 1 53 99 96
