graph 1
71 25 102 59 113 19 73 178 187 198 4 94 47 72 193 146 106 109 120 156 139 154 13 26 175 85 124 57 74 39 31 150 87 28 160 151 199 159 60 128 130 131 92 50 76 89 176
70 38 40 10 100 192 118 17 5 8 177 99 140 137 171 165 33 43 188 190 24 86 126 75 181 195 81 194 12 158 169 127 52 62 54 172 189 27 68 84 64 79 161 162 51 103 196 22 183 185 116 148 3 179 80 9 104 155 152 65 93 88 163 83 180 21 133 197 46 170 96 1 36 149 134 69 90 125 186 14 141 61 122 108 44 58 182 18 37 164 35 56 119 97 153 173 20 48 30 105 49 66 166 53 138 15 117 45 136 143 42 135 121 129 2 32 114 67 29 95 123 63 7 184 110 200 16 23 78 168 132 157 11 101 55 34 144 191 167 111 112 147 41 91 98 142 145 174 6 107 77 82 115
162 127 64 79 126 161 80 9 104 155 43 152 96 1 36 149 134 69 90 24 140 86 35 56 119 97 153 173 20 48 30 105 81 194 118 12 158 169 114 67 29 138 95 123 63 7 62 10 99 54 172 189 27 68 84 11 110 141 200 101 55 17 70 33 22 183 185 116 148 3 179 34 144 53 93 191 112 137 171 38 40 188 190 83 180 21 133 197 46 170 14 103 41 100 192 75 181 195 108 44 58 182 18 37 164 52 65 91 5 8 177 45 136 143 42 135 121 129 2 32 51 196 125 186 98 142 145 165 23 78 168 132 157 88 163 49 66 166 174 111 61 122 184 6 107 15 117 77 82 16 115 167 147
64 127 80 79 126 161 162 96 9 104 155 43 152 35 56 1 36 149 134 69 90 24 140 86 114 119 97 153 173 20 48 30 105 81 194 118 12 158 169 67 29 138 95 123 63 7 62 10 99 54 172 189 27 68 84 11 110 141 200 101 55 17 70 33 22 183 185 116 148 3 179 34 144 53 93 191 112 137 171 38 40 188 190 83 180 21 133 197 46 170 14 103 41 100 192 75 181 195 108 44 58 182 18 37 164 52 65 91 5 8 177 45 136 143 42 135 121 129 2 32 51 196 125 186 98 142 145 165 23 78 168 132 157 88 163 49 66 166 174 111 61 122 184 6 107 15 117 77 82 16 115 167 147
40 70 38 10 100 192 118 17 5 8 177 99 140 137 171 165 33 43 188 190 24 86 126 75 181 195 81 194 12 158 169 127 52 62 54 172 189 27 68 84 64 79 161 162 51 103 196 22 183 185 116 148 3 179 80 9 104 155 152 65 93 88 163 83 180 21 133 197 46 170 96 1 36 149 134 69 90 125 186 14 141 61 122 108 44 58 182 18 37 164 35 56 119 97 153 173 20 48 30 105 49 66 166 53 138 15 117 45 136 143 42 135 121 129 2 32 114 67 29 95 123 63 7 184 110 200 16 23 78 168 132 157 11 101 55 34 144 191 167 111 112 147 41 91 98 142 145 174 6 107 77 82 115
97 36 9 1 79 149 119 127 104 155 153 173 67 64 126 161 162 134 69 90 29 138 80 43 152 20 48 30 105 11 110 141 200 96 24 140 86 95 123 63 7 34 144 53 93 191 35 56 81 194 118 12 158 169 101 55 14 103 114 62 10 99 54 172 189 27 68 84 112 52 65 17 70 33 22 183 185 116 148 3 179 41 51 181 196 125 186 137 171 38 40 188 190 83 180 21 133 197 46 170 91 88 163 49 66 166 100 192 75 195 108 44 58 182 18 37 164 98 142 145 61 122 184 5 8 177 45 136 143 42 135 121 129 2 32 174 15 117 165 23 78 168 132 157 6 107 16 111 77 82 167 115 147
119 67 1 9 79 36 149 127 104 155 97 153 173 64 126 161 162 134 69 90 29 138 80 43 152 20 48 30 105 11 110 141 200 96 24 140 86 95 123 63 7 34 144 53 93 191 35 56 81 194 118 12 158 169 101 55 14 103 114 62 10 99 54 172 189 27 68 84 112 52 65 17 70 33 22 183 185 116 148 3 179 41 51 181 196 125 186 137 171 38 40 188 190 83 180 21 133 197 46 170 91 88 163 49 66 166 100 192 75 195 108 44 58 182 18 37 164 98 142 145 61 122 184 5 8 177 45 136 143 42 135 121 129 2 32 174 15 117 165 23 78 168 132 157 6 107 16 111 77 82 167 115 147
196 88 163 52 61 122 51 103 181 15 117 65 93 188 16 125 186 14 141 33 75 195 167 49 66 166 53 138 99 190 147 184 110 173 200 118 34 144 29 149 191 10 140 11 9 153 17 70 43 1 79 36 137 171 38 40 24 86 126 119 127 104 155 97 100 192 81 194 12 158 169 67 64 161 162 134 69 90 5 8 177 62 54 172 189 27 68 84 80 152 20 48 30 105 165 22 183 185 116 148 3 179 96 95 123 63 7 83 180 21 133 197 46 170 35 56 101 55 108 44 58 182 18 37 164 114 112 45 136 143 42 135 121 129 2 32 41 23 78 168 132 157 91 111 98 142 145 174 6 107 77 82 115
88 61 196 163 52 122 51 103 181 15 117 65 93 188 16 125 186 14 141 33 75 195 167 49 66 166 53 138 99 190 147 184 110 173 200 118 34 144 29 149 191 10 140 11 9 153 17 70 43 1 79 36 137 171 38 40 24 86 126 119 127 104 155 97 100 192 81 194 12 158 169 67 64 161 162 134 69 90 5 8 177 62 54 172 189 27 68 84 80 152 20 48 30 105 165 22 183 185 116 148 3 179 96 95 123 63 7 83 180 21 133 197 46 170 35 56 101 55 108 44 58 182 18 37 164 114 112 45 136 143 42 135 121 129 2 32 41 23 78 168 132 157 91 111 98 142 145 174 6 107 77 82 115
49 186 184 66 166 65 103 125 52 93 51 181 196 14 141 188 88 163 53 138 33 75 195 61 122 110 173 200 99 190 15 117 34 144 29 149 191 118 16 11 9 153 10 140 167 1 79 36 17 70 43 147 119 127 104 155 97 137 171 38 40 24 86 126 67 64 161 162 134 69 90 100 192 81 194 12 158 169 80 152 20 48 30 105 5 8 177 62 54 172 189 27 68 84 96 95 123 63 7 165 22 183 185 116 148 3 179 35 56 101 55 83 180 21 133 197 46 170 114 112 108 44 58 182 18 37 164 41 45 136 143 42 135 121 129 2 32 91 23 78 168 132 157 98 142 145 111 174 6 107 77 82 115
86 12 43 158 169 54 172 24 140 126 189 27 68 84 22 183 185 81 194 118 127 116 148 3 179 83 180 21 133 197 62 10 99 64 79 161 162 46 170 108 44 58 182 18 17 70 33 80 9 104 155 152 37 164 45 136 143 42 135 137 171 38 40 188 190 96 1 36 149 134 69 90 121 129 2 32 23 78 168 100 192 75 181 195 35 56 119 97 153 173 20 48 30 105 132 157 111 5 8 177 52 114 67 29 138 95 123 63 7 165 51 103 196 11 110 141 200 101 55 65 93 88 163 34 144 53 191 112 125 186 14 61 122 41 49 66 166 15 117 91 184 16 98 142 145 167 174 147 6 107 77 82 115
19 59 102 73 71 113 25 178 187 198 4 94 47 72 193 146 106 109 120 156 139 154 13 26 175 85 124 57 74 39 31 150 87 28 160 151 199 159 60 128 130 131 92 50 76 89 176
39 85 151 199 156 124 72 47 146 106 109 120 94 193 139 154 13 26 175 4 57 74 187 31 150 87 28 160 178 159 60 128 113 198 130 131 92 50 76 89 176 102 59 71 19 73 25
192 8 177 38 70 100 40 10 5 118 17 165 99 140 137 171 33 43 188 190 24 86 126 75 181 195 81 194 12 158 169 127 52 62 54 172 189 27 68 84 64 79 161 162 51 103 196 22 183 185 116 148 3 179 80 9 104 155 152 65 93 88 163 83 180 21 133 197 46 170 96 1 36 149 134 69 90 125 186 14 141 61 122 108 44 58 182 18 37 164 35 56 119 97 153 173 20 48 30 105 49 66 166 53 138 15 117 45 136 143 42 135 121 129 2 32 114 67 29 95 123 63 7 184 110 200 16 23 78 168 132 157 11 101 55 34 144 191 167 111 112 147 41 91 98 142 145 174 6 107 77 82 115
149 9 153 173 1 79 36 29 138 119 127 104 155 97 11 110 141 200 67 64 126 161 162 134 69 90 34 144 53 93 191 80 43 152 20 48 30 105 14 103 96 24 140 86 95 123 63 7 52 65 35 56 81 194 118 12 158 169 101 55 51 181 196 125 186 114 62 10 99 54 172 189 27 68 84 112 188 88 163 49 66 166 17 70 33 22 183 185 116 148 3 179 41 75 195 61 122 184 137 171 38 40 190 83 180 21 133 197 46 170 91 15 117 100 192 108 44 58 182 18 37 164 98 142 145 16 5 8 177 45 136 143 42 135 121 129 2 32 174 167 165 23 78 168 132 157 6 107 147 111 77 82 115
96 35 56 80 114 64 127 79 126 161 162 9 104 155 43 152 1 36 149 134 69 90 24 140 86 119 97 153 173 20 48 30 105 81 194 118 12 158 169 67 29 138 95 123 63 7 62 10 99 54 172 189 27 68 84 11 110 141 200 101 55 17 70 33 22 183 185 116 148 3 179 34 144 53 93 191 112 137 171 38 40 188 190 83 180 21 133 197 46 170 14 103 41 100 192 75 181 195 108 44 58 182 18 37 164 52 65 91 5 8 177 45 136 143 42 135 121 129 2 32 51 196 125 186 98 142 145 165 23 78 168 132 157 88 163 49 66 166 174 111 61 122 184 6 107 15 117 77 82 16 115 167 147
87 57 31 150 154 159 146 130 131 160 72 139 128 74 47 106 109 120 156 50 76 89 176 28 175 94 193 13 26 85 124 60 4 39 92 187 151 199 178 113 198 102 59 71 19 73 25
6 174 77 82 107 145 115 91 41 98 142 112 101 95 20 134 104 79 9 127 155 1 36 149 64 126 161 162 69 90 119 97 153 173 80 43 152 48 30 105 67 29 138 96 24 140 86 123 63 7 11 110 141 200 35 56 81 194 118 12 158 169 55 34 144 53 93 191 114 62 10 99 54 172 189 27 68 84 14 103 17 70 33 22 183 185 116 148 3 179 52 65 137 171 38 40 188 190 83 180 21 133 197 46 170 51 181 196 125 186 100 192 75 195 108 44 58 182 18 37 164 88 163 49 66 166 5 8 177 45 136 143 42 135 121 129 2 32 61 122 184 165 23 78 168 132 157 15 117 111 16 167 147
132 121 37 46 129 148 164 27 170 2 32 169 116 157 68 84 86 3 179 12 43 158 54 172 24 140 126 189 22 183 185 81 194 118 127 83 180 21 133 197 62 10 99 64 79 161 162 108 44 58 182 18 17 70 33 80 9 104 155 152 45 136 143 42 135 137 171 38 40 188 190 96 1 36 149 134 69 90 23 78 168 100 192 75 181 195 35 56 119 97 153 173 20 48 30 105 111 5 8 177 52 114 67 29 138 95 123 63 7 165 51 103 196 11 110 141 200 101 55 65 93 88 163 34 144 53 191 112 125 186 14 61 122 41 49 66 166 15 117 91 184 16 98 142 145 167 174 147 6 107 77 82 115
76 128 50 89 160 176 159 74 130 131 150 28 175 57 60 120 31 87 154 92 72 146 47 106 109 156 139 94 193 13 26 85 124 4 39 187 151 199 178 113 198 102 59 71 19 73 25
24 43 81 194 140 86 126 62 118 12 158 169 127 10 99 54 172 189 27 68 84 64 79 161 162 17 70 33 22 183 185 116 148 3 179 80 9 104 155 152 137 171 38 40 188 190 83 180 21 133 197 46 170 96 1 36 149 134 69 90 100 192 75 181 195 108 44 58 182 18 37 164 35 56 119 97 153 173 20 48 30 105 5 8 177 52 45 136 143 42 135 121 129 2 32 114 67 29 138 95 123 63 7 165 51 103 196 23 78 168 132 157 11 110 141 200 101 55 65 93 88 163 111 34 144 53 191 112 125 186 14 61 122 41 49 66 166 15 117 91 184 16 98 142 145 167 174 147 6 107 77 82 115
74 28 175 160 60 120 128 159 92 72 50 76 89 176 130 131 150 47 146 106 109 156 57 94 193 139 154 13 26 85 124 31 87 4 39 187 151 199 178 113 198 102 59 71 19 73 25
34 110 138 144 173 141 200 29 149 53 93 191 11 9 153 14 103 1 79 36 52 65 119 127 104 155 97 51 181 196 125 186 67 64 126 161 162 134 69 90 188 88 163 49 66 166 80 43 152 20 48 30 105 33 75 195 61 122 184 96 24 140 86 95 123 63 7 99 190 15 117 35 56 81 194 118 12 158 169 101 55 16 114 62 10 54 172 189 27 68 84 112 167 17 70 22 183 185 116 148 3 179 41 147 137 171 38 40 83 180 21 133 197 46 170 91 100 192 108 44 58 182 18 37 164 98 142 145 5 8 177 45 136 143 42 135 121 129 2 32 174 165 23 78 168 132 157 6 107 111 77 82 115
166 186 49 66 65 184 103 125 52 93 51 181 196 14 141 188 88 163 53 138 33 75 195 61 122 110 173 200 99 190 15 117 34 144 29 149 191 118 16 11 9 153 10 140 167 1 79 36 17 70 43 147 119 127 104 155 97 137 171 38 40 24 86 126 67 64 161 162 134 69 90 100 192 81 194 12 158 169 80 152 20 48 30 105 5 8 177 62 54 172 189 27 68 84 96 95 123 63 7 165 22 183 185 116 148 3 179 35 56 101 55 83 180 21 133 197 46 170 114 112 108 44 58 182 18 37 164 41 45 136 143 42 135 121 129 2 32 91 23 78 168 132 157 98 142 145 111 174 6 107 77 82 115
170 148 46 27 37 164 169 116 121 129 2 32 68 84 86 132 157 3 179 12 43 158 54 172 24 140 126 189 22 183 185 81 194 118 127 83 180 21 133 197 62 10 99 64 79 161 162 108 44 58 182 18 17 70 33 80 9 104 155 152 45 136 143 42 135 137 171 38 40 188 190 96 1 36 149 134 69 90 23 78 168 100 192 75 181 195 35 56 119 97 153 173 20 48 30 105 111 5 8 177 52 114 67 29 138 95 123 63 7 165 51 103 196 11 110 141 200 101 55 65 93 88 163 34 144 53 191 112 125 186 14 61 122 41 49 66 166 15 117 91 184 16 98 142 145 167 174 147 6 107 77 82 115
5 100 165 38 70 192 40 10 8 177 118 17 99 140 137 171 33 43 188 190 24 86 126 75 181 195 81 194 12 158 169 127 52 62 54 172 189 27 68 84 64 79 161 162 51 103 196 22 183 185 116 148 3 179 80 9 104 155 152 65 93 88 163 83 180 21 133 197 46 170 96 1 36 149 134 69 90 125 186 14 141 61 122 108 44 58 182 18 37 164 35 56 119 97 153 173 20 48 30 105 49 66 166 53 138 15 117 45 136 143 42 135 121 129 2 32 114 67 29 95 123 63 7 184 110 200 16 23 78 168 132 157 11 101 55 34 144 191 167 111 112 147 41 91 98 142 145 174 6 107 77 82 115
111 78 42 18 197 135 183 168 21 133 54 22 12 83 180 86 172 108 44 58 182 43 158 169 185 45 136 143 24 140 126 189 27 68 84 23 81 194 118 127 116 148 3 179 62 10 99 64 79 161 162 46 170 17 70 33 80 9 104 155 152 37 164 137 171 38 40 188 190 96 1 36 149 134 69 90 121 129 2 32 100 192 75 181 195 35 56 119 97 153 173 20 48 30 105 132 157 5 8 177 52 114 67 29 138 95 123 63 7 165 51 103 196 11 110 141 200 101 55 65 93 88 163 34 144 53 191 112 125 186 14 61 122 41 49 66 166 15 117 91 184 16 98 142 145 167 174 147 6 107 77 82 115
4 94 187 47 178 72 193 113 198 146 106 109 120 156 102 139 154 13 26 175 85 124 59 71 57 74 39 19 73 25 31 150 87 28 160 151 199 159 60 128 130 131 92 50 76 89 176
104 79 134 9 127 155 20 1 36 149 64 126 161 162 69 90 95 119 97 153 173 80 43 152 48 30 105 101 67 29 138 96 24 140 86 123 63 7 112 11 110 141 200 35 56 81 194 118 12 158 169 55 41 34 144 53 93 191 114 62 10 99 54 172 189 27 68 84 91 14 103 17 70 33 22 183 185 116 148 3 179 98 142 145 52 65 137 171 38 40 188 190 83 180 21 133 197 46 170 174 51 181 196 125 186 100 192 75 195 108 44 58 182 18 37 164 6 107 88 163 49 66 166 5 8 177 45 136 143 42 135 121 129 2 32 77 82 61 122 184 165 23 78 168 132 157 115 15 117 111 16 167 147
135 18 168 197 42 183 78 21 133 54 111 22 12 83 180 86 172 108 44 58 182 43 158 169 185 45 136 143 24 140 126 189 27 68 84 23 81 194 118 127 116 148 3 179 62 10 99 64 79 161 162 46 170 17 70 33 80 9 104 155 152 37 164 137 171 38 40 188 190 96 1 36 149 134 69 90 121 129 2 32 100 192 75 181 195 35 56 119 97 153 173 20 48 30 105 132 157 5 8 177 52 114 67 29 138 95 123 63 7 165 51 103 196 11 110 141 200 101 55 65 93 88 163 34 144 53 191 112 125 186 14 61 122 41 49 66 166 15 117 91 184 16 98 142 145 167 174 147 6 107 77 82 115
197 18 183 42 135 21 133 54 78 168 22 12 111 83 180 86 172 108 44 58 182 43 158 169 185 45 136 143 24 140 126 189 27 68 84 23 81 194 118 127 116 148 3 179 62 10 99 64 79 161 162 46 170 17 70 33 80 9 104 155 152 37 164 137 171 38 40 188 190 96 1 36 149 134 69 90 121 129 2 32 100 192 75 181 195 35 56 119 97 153 173 20 48 30 105 132 157 5 8 177 52 114 67 29 138 95 123 63 7 165 51 103 196 11 110 141 200 101 55 65 93 88 163 34 144 53 191 112 125 186 14 61 122 41 49 66 166 15 117 91 184 16 98 142 145 167 174 147 6 107 77 82 115
124 156 85 72 39 47 146 106 109 120 151 199 94 193 139 154 13 26 175 4 57 74 187 31 150 87 28 160 178 159 60 128 113 198 130 131 92 50 76 89 176 102 59 71 19 73 25
27 169 116 148 68 84 86 46 170 3 179 12 43 158 37 164 54 172 24 140 126 189 121 129 2 32 22 183 185 81 194 118 127 132 157 83 180 21 133 197 62 10 99 64 79 161 162 108 44 58 182 18 17 70 33 80 9 104 155 152 45 136 143 42 135 137 171 38 40 188 190 96 1 36 149 134 69 90 23 78 168 100 192 75 181 195 35 56 119 97 153 173 20 48 30 105 111 5 8 177 52 114 67 29 138 95 123 63 7 165 51 103 196 11 110 141 200 101 55 65 93 88 163 34 144 53 191 112 125 186 14 61 122 41 49 66 166 15 117 91 184 16 98 142 145 167 174 147 6 107 77 82 115
117 16 122 167 15 163 147 196 88 52 61 51 103 181 65 93 188 125 186 14 141 33 75 195 49 66 166 53 138 99 190 184 110 173 200 118 34 144 29 149 191 10 140 11 9 153 17 70 43 1 79 36 137 171 38 40 24 86 126 119 127 104 155 97 100 192 81 194 12 158 169 67 64 161 162 134 69 90 5 8 177 62 54 172 189 27 68 84 80 152 20 48 30 105 165 22 183 185 116 148 3 179 96 95 123 63 7 83 180 21 133 197 46 170 35 56 101 55 108 44 58 182 18 37 164 114 112 45 136 143 42 135 121 129 2 32 41 23 78 168 132 157 91 111 98 142 145 174 6 107 77 82 115
43 24 140 86 126 81 194 118 12 158 169 127 62 10 99 54 172 189 27 68 84 64 79 161 162 17 70 33 22 183 185 116 148 3 179 80 9 104 155 152 137 171 38 40 188 190 83 180 21 133 197 46 170 96 1 36 149 134 69 90 100 192 75 181 195 108 44 58 182 18 37 164 35 56 119 97 153 173 20 48 30 105 5 8 177 52 45 136 143 42 135 121 129 2 32 114 67 29 138 95 123 63 7 165 51 103 196 23 78 168 132 157 11 110 141 200 101 55 65 93 88 163 111 34 144 53 191 112 125 186 14 61 122 41 49 66 166 15 117 91 184 16 98 142 145 167 174 147 6 107 77 82 115
128 50 76 89 160 176 159 74 130 131 150 28 175 57 60 120 31 87 154 92 72 146 47 106 109 156 139 94 193 13 26 85 124 4 39 187 151 199 178 113 198 102 59 71 19 73 25
184 49 186 66 166 65 103 125 52 93 51 181 196 14 141 188 88 163 53 138 33 75 195 61 122 110 173 200 99 190 15 117 34 144 29 149 191 118 16 11 9 153 10 140 167 1 79 36 17 70 43 147 119 127 104 155 97 137 171 38 40 24 86 126 67 64 161 162 134 69 90 100 192 81 194 12 158 169 80 152 20 48 30 105 5 8 177 62 54 172 189 27 68 84 96 95 123 63 7 165 22 183 185 116 148 3 179 35 56 101 55 83 180 21 133 197 46 170 114 112 108 44 58 182 18 37 164 41 45 136 143 42 135 121 129 2 32 91 23 78 168 132 157 98 142 145 111 174 6 107 77 82 115
103 52 65 93 51 181 196 125 186 14 141 188 88 163 49 66 166 53 138 33 75 195 61 122 184 110 173 200 99 190 15 117 34 144 29 149 191 118 16 11 9 153 10 140 167 1 79 36 17 70 43 147 119 127 104 155 97 137 171 38 40 24 86 126 67 64 161 162 134 69 90 100 192 81 194 12 158 169 80 152 20 48 30 105 5 8 177 62 54 172 189 27 68 84 96 95 123 63 7 165 22 183 185 116 148 3 179 35 56 101 55 83 180 21 133 197 46 170 114 112 108 44 58 182 18 37 164 41 45 136 143 42 135 121 129 2 32 91 23 78 168 132 157 98 142 145 111 174 6 107 77 82 115
37 46 121 129 148 164 132 27 170 2 32 169 116 157 68 84 86 3 179 12 43 158 54 172 24 140 126 189 22 183 185 81 194 118 127 83 180 21 133 197 62 10 99 64 79 161 162 108 44 58 182 18 17 70 33 80 9 104 155 152 45 136 143 42 135 137 171 38 40 188 190 96 1 36 149 134 69 90 23 78 168 100 192 75 181 195 35 56 119 97 153 173 20 48 30 105 111 5 8 177 52 114 67 29 138 95 123 63 7 165 51 103 196 11 110 141 200 101 55 65 93 88 163 34 144 53 191 112 125 186 14 61 122 41 49 66 166 15 117 91 184 16 98 142 145 167 174 147 6 107 77 82 115
33 188 99 190 75 181 195 118 52 10 140 51 103 196 17 70 43 65 93 88 163 137 171 38 40 24 86 126 125 186 14 141 61 122 100 192 81 194 12 158 169 127 49 66 166 53 138 15 117 5 8 177 62 54 172 189 27 68 84 64 79 161 162 184 110 173 200 16 165 22 183 185 116 148 3 179 80 9 104 155 152 34 144 29 149 191 167 83 180 21 133 197 46 170 96 1 36 134 69 90 11 153 147 108 44 58 182 18 37 164 35 56 119 97 20 48 30 105 45 136 143 42 135 121 129 2 32 114 67 95 123 63 7 23 78 168 132 157 101 55 111 112 41 91 98 142 145 174 6 107 77 82 115
98 91 41 142 145 112 174 101 6 107 95 77 82 20 115 134 104 79 9 127 155 1 36 149 64 126 161 162 69 90 119 97 153 173 80 43 152 48 30 105 67 29 138 96 24 140 86 123 63 7 11 110 141 200 35 56 81 194 118 12 158 169 55 34 144 53 93 191 114 62 10 99 54 172 189 27 68 84 14 103 17 70 33 22 183 185 116 148 3 179 52 65 137 171 38 40 188 190 83 180 21 133 197 46 170 51 181 196 125 186 100 192 75 195 108 44 58 182 18 37 164 88 163 49 66 166 5 8 177 45 136 143 42 135 121 129 2 32 61 122 184 165 23 78 168 132 157 15 117 111 16 167 147
144 110 34 138 173 141 200 29 149 53 93 191 11 9 153 14 103 1 79 36 52 65 119 127 104 155 97 51 181 196 125 186 67 64 126 161 162 134 69 90 188 88 163 49 66 166 80 43 152 20 48 30 105 33 75 195 61 122 184 96 24 140 86 95 123 63 7 99 190 15 117 35 56 81 194 118 12 158 169 101 55 16 114 62 10 54 172 189 27 68 84 112 167 17 70 22 183 185 116 148 3 179 41 147 137 171 38 40 83 180 21 133 197 46 170 91 100 192 108 44 58 182 18 37 164 98 142 145 5 8 177 45 136 143 42 135 121 129 2 32 174 165 23 78 168 132 157 6 107 111 77 82 115
122 15 117 163 16 196 167 88 52 147 61 51 103 181 65 93 188 125 186 14 141 33 75 195 49 66 166 53 138 99 190 184 110 173 200 118 34 144 29 149 191 10 140 11 9 153 17 70 43 1 79 36 137 171 38 40 24 86 126 119 127 104 155 97 100 192 81 194 12 158 169 67 64 161 162 134 69 90 5 8 177 62 54 172 189 27 68 84 80 152 20 48 30 105 165 22 183 185 116 148 3 179 96 95 123 63 7 83 180 21 133 197 46 170 35 56 101 55 108 44 58 182 18 37 164 114 112 45 136 143 42 135 121 129 2 32 41 23 78 168 132 157 91 111 98 142 145 174 6 107 77 82 115
194 24 43 81 140 86 126 62 118 12 158 169 127 10 99 54 172 189 27 68 84 64 79 161 162 17 70 33 22 183 185 116 148 3 179 80 9 104 155 152 137 171 38 40 188 190 83 180 21 133 197 46 170 96 1 36 149 134 69 90 100 192 75 181 195 108 44 58 182 18 37 164 35 56 119 97 153 173 20 48 30 105 5 8 177 52 45 136 143 42 135 121 129 2 32 114 67 29 138 95 123 63 7 165 51 103 196 23 78 168 132 157 11 110 141 200 101 55 65 93 88 163 111 34 144 53 191 112 125 186 14 61 122 41 49 66 166 15 117 91 184 16 98 142 145 167 174 147 6 107 77 82 115
116 27 169 148 68 84 86 46 170 3 179 12 43 158 37 164 54 172 24 140 126 189 121 129 2 32 22 183 185 81 194 118 127 132 157 83 180 21 133 197 62 10 99 64 79 161 162 108 44 58 182 18 17 70 33 80 9 104 155 152 45 136 143 42 135 137 171 38 40 188 190 96 1 36 149 134 69 90 23 78 168 100 192 75 181 195 35 56 119 97 153 173 20 48 30 105 111 5 8 177 52 114 67 29 138 95 123 63 7 165 51 103 196 11 110 141 200 101 55 65 93 88 163 34 144 53 191 112 125 186 14 61 122 41 49 66 166 15 117 91 184 16 98 142 145 167 174 147 6 107 77 82 115
75 188 33 181 195 99 190 52 118 51 103 196 10 140 65 93 88 163 17 70 43 125 186 14 141 61 122 137 171 38 40 24 86 126 49 66 166 53 138 15 117 100 192 81 194 12 158 169 127 184 110 173 200 16 5 8 177 62 54 172 189 27 68 84 64 79 161 162 34 144 29 149 191 167 165 22 183 185 116 148 3 179 80 9 104 155 152 11 153 147 83 180 21 133 197 46 170 96 1 36 134 69 90 108 44 58 182 18 37 164 35 56 119 97 20 48 30 105 45 136 143 42 135 121 129 2 32 114 67 95 123 63 7 23 78 168 132 157 101 55 111 112 41 91 98 142 145 174 6 107 77 82 115
168 135 18 197 42 183 78 21 133 54 111 22 12 83 180 86 172 108 44 58 182 43 158 169 185 45 136 143 24 140 126 189 27 68 84 23 81 194 118 127 116 148 3 179 62 10 99 64 79 161 162 46 170 17 70 33 80 9 104 155 152 37 164 137 171 38 40 188 190 96 1 36 149 134 69 90 121 129 2 32 100 192 75 181 195 35 56 119 97 153 173 20 48 30 105 132 157 5 8 177 52 114 67 29 138 95 123 63 7 165 51 103 196 11 110 141 200 101 55 65 93 88 163 34 144 53 191 112 125 186 14 61 122 41 49 66 166 15 117 91 184 16 98 142 145 167 174 147 6 107 77 82 115
130 159 131 150 160 57 128 74 31 87 154 50 76 89 176 28 175 146 60 120 72 139 92 47 106 109 156 94 193 13 26 85 124 4 39 187 151 199 178 113 198 102 59 71 19 73 25
106 13 72 47 146 109 120 156 94 193 139 154 26 175 85 124 4 57 74 39 187 31 150 87 28 160 151 199 178 159 60 128 113 198 130 131 92 50 76 89 176 102 59 71 19 73 25
185 172 12 86 54 43 158 169 22 183 24 140 126 189 27 68 84 83 180 21 133 197 81 194 118 127 116 148 3 179 108 44 58 182 18 62 10 99 64 79 161 162 46 170 45 136 143 42 135 17 70 33 80 9 104 155 152 37 164 23 78 168 137 171 38 40 188 190 96 1 36 149 134 69 90 121 129 2 32 111 100 192 75 181 195 35 56 119 97 153 173 20 48 30 105 132 157 5 8 177 52 114 67 29 138 95 123 63 7 165 51 103 196 11 110 141 200 101 55 65 93 88 163 34 144 53 191 112 125 186 14 61 122 41 49 66 166 15 117 91 184 16 98 142 145 167 174 147 6 107 77 82 115
123 55 48 69 155 90 79 30 105 9 127 104 63 7 1 36 149 64 126 161 162 134 119 97 153 173 80 43 152 20 67 29 138 96 24 140 86 95 11 110 141 200 35 56 81 194 118 12 158 169 101 34 144 53 93 191 114 62 10 99 54 172 189 27 68 84 112 14 103 17 70 33 22 183 185 116 148 3 179 41 52 65 137 171 38 40 188 190 83 180 21 133 197 46 170 91 51 181 196 125 186 100 192 75 195 108 44 58 182 18 37 164 98 142 145 88 163 49 66 166 5 8 177 45 136 143 42 135 121 129 2 32 174 61 122 184 165 23 78 168 132 157 6 107 15 117 111 77 82 16 115 167 147
91 41 98 142 145 112 174 101 6 107 95 77 82 20 115 134 104 79 9 127 155 1 36 149 64 126 161 162 69 90 119 97 153 173 80 43 152 48 30 105 67 29 138 96 24 140 86 123 63 7 11 110 141 200 35 56 81 194 118 12 158 169 55 34 144 53 93 191 114 62 10 99 54 172 189 27 68 84 14 103 17 70 33 22 183 185 116 148 3 179 52 65 137 171 38 40 188 190 83 180 21 133 197 46 170 51 181 196 125 186 100 192 75 195 108 44 58 182 18 37 164 88 163 49 66 166 5 8 177 45 136 143 42 135 121 129 2 32 61 122 184 165 23 78 168 132 157 15 117 111 16 167 147
114 56 96 35 80 64 127 79 126 161 162 9 104 155 43 152 1 36 149 134 69 90 24 140 86 119 97 153 173 20 48 30 105 81 194 118 12 158 169 67 29 138 95 123 63 7 62 10 99 54 172 189 27 68 84 11 110 141 200 101 55 17 70 33 22 183 185 116 148 3 179 34 144 53 93 191 112 137 171 38 40 188 190 83 180 21 133 197 46 170 14 103 41 100 192 75 181 195 108 44 58 182 18 37 164 52 65 91 5 8 177 45 136 143 42 135 121 129 2 32 51 196 125 186 98 142 145 165 23 78 168 132 157 88 163 49 66 166 174 111 61 122 184 6 107 15 117 77 82 16 115 167 147
193 47 72 94 146 106 109 120 156 4 139 154 13 26 175 85 124 187 57 74 39 178 31 150 87 28 160 151 199 113 198 159 60 128 102 130 131 92 50 76 89 176 59 71 19 73 25
67 119 1 9 79 36 149 127 104 155 97 153 173 64 126 161 162 134 69 90 29 138 80 43 152 20 48 30 105 11 110 141 200 96 24 140 86 95 123 63 7 34 144 53 93 191 35 56 81 194 118 12 158 169 101 55 14 103 114 62 10 99 54 172 189 27 68 84 112 52 65 17 70 33 22 183 185 116 148 3 179 41 51 181 196 125 186 137 171 38 40 188 190 83 180 21 133 197 46 170 91 88 163 49 66 166 100 192 75 195 108 44 58 182 18 37 164 98 142 145 61 122 184 5 8 177 45 136 143 42 135 121 129 2 32 174 15 117 165 23 78 168 132 157 6 107 16 111 77 82 167 115 147
79 9 127 104 155 1 36 149 64 126 161 162 134 69 90 119 97 153 173 80 43 152 20 48 30 105 67 29 138 96 24 140 86 95 123 63 7 11 110 141 200 35 56 81 194 118 12 158 169 101 55 34 144 53 93 191 114 62 10 99 54 172 189 27 68 84 112 14 103 17 70 33 22 183 185 116 148 3 179 41 52 65 137 171 38 40 188 190 83 180 21 133 197 46 170 91 51 181 196 125 186 100 192 75 195 108 44 58 182 18 37 164 98 142 145 88 163 49 66 166 5 8 177 45 136 143 42 135 121 129 2 32 174 61 122 184 165 23 78 168 132 157 6 107 15 117 111 77 82 16 115 167 147
191 200 138 110 173 141 34 144 29 149 53 93 11 9 153 14 103 1 79 36 52 65 119 127 104 155 97 51 181 196 125 186 67 64 126 161 162 134 69 90 188 88 163 49 66 166 80 43 152 20 48 30 105 33 75 195 61 122 184 96 24 140 86 95 123 63 7 99 190 15 117 35 56 81 194 118 12 158 169 101 55 16 114 62 10 54 172 189 27 68 84 112 167 17 70 22 183 185 116 148 3 179 41 147 137 171 38 40 83 180 21 133 197 46 170 91 100 192 108 44 58 182 18 37 164 98 142 145 5 8 177 45 136 143 42 135 121 129 2 32 174 165 23 78 168 132 157 6 107 111 77 82 115
200 191 138 110 173 141 34 144 29 149 53 93 11 9 153 14 103 1 79 36 52 65 119 127 104 155 97 51 181 196 125 186 67 64 126 161 162 134 69 90 188 88 163 49 66 166 80 43 152 20 48 30 105 33 75 195 61 122 184 96 24 140 86 95 123 63 7 99 190 15 117 35 56 81 194 118 12 158 169 101 55 16 114 62 10 54 172 189 27 68 84 112 167 17 70 22 183 185 116 148 3 179 41 147 137 171 38 40 83 180 21 133 197 46 170 91 100 192 108 44 58 182 18 37 164 98 142 145 5 8 177 45 136 143 42 135 121 129 2 32 174 165 23 78 168 132 157 6 107 111 77 82 115
151 39 85 199 156 124 72 47 146 106 109 120 94 193 139 154 13 26 175 4 57 74 187 31 150 87 28 160 178 159 60 128 113 198 130 131 92 50 76 89 176 102 59 71 19 73 25
54 22 12 183 83 180 86 172 21 133 197 108 44 58 182 43 158 169 185 18 45 136 143 24 140 126 189 27 68 84 42 135 23 81 194 118 127 116 148 3 179 78 168 62 10 99 64 79 161 162 46 170 111 17 70 33 80 9 104 155 152 37 164 137 171 38 40 188 190 96 1 36 149 134 69 90 121 129 2 32 100 192 75 181 195 35 56 119 97 153 173 20 48 30 105 132 157 5 8 177 52 114 67 29 138 95 123 63 7 165 51 103 196 11 110 141 200 101 55 65 93 88 163 34 144 53 191 112 125 186 14 61 122 41 49 66 166 15 117 91 184 16 98 142 145 167 174 147 6 107 77 82 115
159 130 131 150 160 57 128 74 31 87 154 50 76 89 176 28 175 146 60 120 72 139 92 47 106 109 156 94 193 13 26 85 124 4 39 187 151 199 178 113 198 102 59 71 19 73 25
89 128 50 76 160 176 159 74 130 131 150 28 175 57 60 120 31 87 154 92 72 146 47 106 109 156 139 94 193 13 26 85 124 4 39 187 151 199 178 113 198 102 59 71 19 73 25
171 17 10 137 118 70 99 140 38 40 33 43 100 192 188 190 24 86 126 5 8 177 75 181 195 81 194 12 158 169 127 165 52 62 54 172 189 27 68 84 64 79 161 162 51 103 196 22 183 185 116 148 3 179 80 9 104 155 152 65 93 88 163 83 180 21 133 197 46 170 96 1 36 149 134 69 90 125 186 14 141 61 122 108 44 58 182 18 37 164 35 56 119 97 153 173 20 48 30 105 49 66 166 53 138 15 117 45 136 143 42 135 121 129 2 32 114 67 29 95 123 63 7 184 110 200 16 23 78 168 132 157 11 101 55 34 144 191 167 111 112 147 41 91 98 142 145 174 6 107 77 82 115
57 31 150 87 154 159 146 130 131 160 72 139 128 74 47 106 109 120 156 50 76 89 176 28 175 94 193 13 26 85 124 60 4 39 92 187 151 199 178 113 198 102 59 71 19 73 25
105 7 90 30 155 63 69 79 48 9 127 104 123 1 36 149 64 126 161 162 134 55 119 97 153 173 80 43 152 20 67 29 138 96 24 140 86 95 11 110 141 200 35 56 81 194 118 12 158 169 101 34 144 53 93 191 114 62 10 99 54 172 189 27 68 84 112 14 103 17 70 33 22 183 185 116 148 3 179 41 52 65 137 171 38 40 188 190 83 180 21 133 197 46 170 91 51 181 196 125 186 100 192 75 195 108 44 58 182 18 37 164 98 142 145 88 163 49 66 166 5 8 177 45 136 143 42 135 121 129 2 32 174 61 122 184 165 23 78 168 132 157 6 107 15 117 111 77 82 16 115 167 147
46 37 148 164 121 129 27 170 2 32 132 169 116 157 68 84 86 3 179 12 43 158 54 172 24 140 126 189 22 183 185 81 194 118 127 83 180 21 133 197 62 10 99 64 79 161 162 108 44 58 182 18 17 70 33 80 9 104 155 152 45 136 143 42 135 137 171 38 40 188 190 96 1 36 149 134 69 90 23 78 168 100 192 75 181 195 35 56 119 97 153 173 20 48 30 105 111 5 8 177 52 114 67 29 138 95 123 63 7 165 51 103 196 11 110 141 200 101 55 65 93 88 163 34 144 53 191 112 125 186 14 61 122 41 49 66 166 15 117 91 184 16 98 142 145 167 174 147 6 107 77 82 115
101 95 112 20 41 134 91 104 98 142 145 79 174 9 127 155 6 107 1 36 149 64 126 161 162 69 90 77 82 119 97 153 173 80 43 152 48 30 105 115 67 29 138 96 24 140 86 123 63 7 11 110 141 200 35 56 81 194 118 12 158 169 55 34 144 53 93 191 114 62 10 99 54 172 189 27 68 84 14 103 17 70 33 22 183 185 116 148 3 179 52 65 137 171 38 40 188 190 83 180 21 133 197 46 170 51 181 196 125 186 100 192 75 195 108 44 58 182 18 37 164 88 163 49 66 166 5 8 177 45 136 143 42 135 121 129 2 32 61 122 184 165 23 78 168 132 157 15 117 111 16 167 147
32 164 2 46 157 37 148 121 129 27 170 132 169 116 68 84 86 3 179 12 43 158 54 172 24 140 126 189 22 183 185 81 194 118 127 83 180 21 133 197 62 10 99 64 79 161 162 108 44 58 182 18 17 70 33 80 9 104 155 152 45 136 143 42 135 137 171 38 40 188 190 96 1 36 149 134 69 90 23 78 168 100 192 75 181 195 35 56 119 97 153 173 20 48 30 105 111 5 8 177 52 114 67 29 138 95 123 63 7 165 51 103 196 11 110 141 200 101 55 65 93 88 163 34 144 53 191 112 125 186 14 61 122 41 49 66 166 15 117 91 184 16 98 142 145 167 174 147 6 107 77 82 115
158 86 189 12 43 169 54 172 24 140 126 27 68 84 22 183 185 81 194 118 127 116 148 3 179 83 180 21 133 197 62 10 99 64 79 161 162 46 170 108 44 58 182 18 17 70 33 80 9 104 155 152 37 164 45 136 143 42 135 137 171 38 40 188 190 96 1 36 149 134 69 90 121 129 2 32 23 78 168 100 192 75 181 195 35 56 119 97 153 173 20 48 30 105 132 157 111 5 8 177 52 114 67 29 138 95 123 63 7 165 51 103 196 11 110 141 200 101 55 65 93 88 163 34 144 53 191 112 125 186 14 61 122 41 49 66 166 15 117 91 184 16 98 142 145 167 174 147 6 107 77 82 115
53 141 93 138 14 103 110 173 200 52 65 34 144 29 149 191 51 181 196 125 186 11 9 153 188 88 163 49 66 166 1 79 36 33 75 195 61 122 184 119 127 104 155 97 99 190 15 117 67 64 126 161 162 134 69 90 118 16 80 43 152 20 48 30 105 10 140 167 96 24 86 95 123 63 7 17 70 147 35 56 81 194 12 158 169 101 55 137 171 38 40 114 62 54 172 189 27 68 84 112 100 192 22 183 185 116 148 3 179 41 5 8 177 83 180 21 133 197 46 170 91 165 108 44 58 182 18 37 164 98 142 145 45 136 143 42 135 121 129 2 32 174 23 78 168 132 157 6 107 111 77 82 115
23 143 182 180 44 58 22 45 136 54 83 12 183 108 86 172 21 133 197 43 158 169 185 18 24 140 126 189 27 68 84 42 135 81 194 118 127 116 148 3 179 78 168 62 10 99 64 79 161 162 46 170 111 17 70 33 80 9 104 155 152 37 164 137 171 38 40 188 190 96 1 36 149 134 69 90 121 129 2 32 100 192 75 181 195 35 56 119 97 153 173 20 48 30 105 132 157 5 8 177 52 114 67 29 138 95 123 63 7 165 51 103 196 11 110 141 200 101 55 65 93 88 163 34 144 53 191 112 125 186 14 61 122 41 49 66 166 15 117 91 184 16 98 142 145 167 174 147 6 107 77 82 115
176 128 50 76 89 160 159 74 130 131 150 28 175 57 60 120 31 87 154 92 72 146 47 106 109 156 139 94 193 13 26 85 124 4 39 187 151 199 178 113 198 102 59 71 19 73 25
99 33 118 188 190 10 140 75 181 195 17 70 43 52 137 171 38 40 24 86 126 51 103 196 100 192 81 194 12 158 169 127 65 93 88 163 5 8 177 62 54 172 189 27 68 84 64 79 161 162 125 186 14 141 61 122 165 22 183 185 116 148 3 179 80 9 104 155 152 49 66 166 53 138 15 117 83 180 21 133 197 46 170 96 1 36 149 134 69 90 184 110 173 200 16 108 44 58 182 18 37 164 35 56 119 97 153 20 48 30 105 34 144 29 191 167 45 136 143 42 135 121 129 2 32 114 67 95 123 63 7 11 147 23 78 168 132 157 101 55 111 112 41 91 98 142 145 174 6 107 77 82 115
178 113 187 198 102 4 59 71 94 19 73 25 47 72 193 146 106 109 120 156 139 154 13 26 175 85 124 57 74 39 31 150 87 28 160 151 199 159 60 128 130 131 92 50 76 89 176
10 118 17 70 99 140 137 171 38 40 33 43 100 192 188 190 24 86 126 5 8 177 75 181 195 81 194 12 158 169 127 165 52 62 54 172 189 27 68 84 64 79 161 162 51 103 196 22 183 185 116 148 3 179 80 9 104 155 152 65 93 88 163 83 180 21 133 197 46 170 96 1 36 149 134 69 90 125 186 14 141 61 122 108 44 58 182 18 37 164 35 56 119 97 153 173 20 48 30 105 49 66 166 53 138 15 117 45 136 143 42 135 121 129 2 32 114 67 29 95 123 63 7 184 110 200 16 23 78 168 132 157 11 101 55 34 144 191 167 111 112 147 41 91 98 142 145 174 6 107 77 82 115
90 30 155 105 63 69 79 7 48 9 127 104 123 1 36 149 64 126 161 162 134 55 119 97 153 173 80 43 152 20 67 29 138 96 24 140 86 95 11 110 141 200 35 56 81 194 118 12 158 169 101 34 144 53 93 191 114 62 10 99 54 172 189 27 68 84 112 14 103 17 70 33 22 183 185 116 148 3 179 41 52 65 137 171 38 40 188 190 83 180 21 133 197 46 170 91 51 181 196 125 186 100 192 75 195 108 44 58 182 18 37 164 98 142 145 88 163 49 66 166 5 8 177 45 136 143 42 135 121 129 2 32 174 61 122 184 165 23 78 168 132 157 6 107 15 117 111 77 82 16 115 167 147
153 149 9 173 1 79 36 29 138 119 127 104 155 97 11 110 141 200 67 64 126 161 162 134 69 90 34 144 53 93 191 80 43 152 20 48 30 105 14 103 96 24 140 86 95 123 63 7 52 65 35 56 81 194 118 12 158 169 101 55 51 181 196 125 186 114 62 10 99 54 172 189 27 68 84 112 188 88 163 49 66 166 17 70 33 22 183 185 116 148 3 179 41 75 195 61 122 184 137 171 38 40 190 83 180 21 133 197 46 170 91 15 117 100 192 108 44 58 182 18 37 164 98 142 145 16 5 8 177 45 136 143 42 135 121 129 2 32 174 167 165 23 78 168 132 157 6 107 147 111 77 82 115
8 192 177 38 70 100 40 10 5 118 17 165 99 140 137 171 33 43 188 190 24 86 126 75 181 195 81 194 12 158 169 127 52 62 54 172 189 27 68 84 64 79 161 162 51 103 196 22 183 185 116 148 3 179 80 9 104 155 152 65 93 88 163 83 180 21 133 197 46 170 96 1 36 149 134 69 90 125 186 14 141 61 122 108 44 58 182 18 37 164 35 56 119 97 153 173 20 48 30 105 49 66 166 53 138 15 117 45 136 143 42 135 121 129 2 32 114 67 29 95 123 63 7 184 110 200 16 23 78 168 132 157 11 101 55 34 144 191 167 111 112 147 41 91 98 142 145 174 6 107 77 82 115
118 10 99 140 17 70 33 43 137 171 38 40 188 190 24 86 126 100 192 75 181 195 81 194 12 158 169 127 5 8 177 52 62 54 172 189 27 68 84 64 79 161 162 165 51 103 196 22 183 185 116 148 3 179 80 9 104 155 152 65 93 88 163 83 180 21 133 197 46 170 96 1 36 149 134 69 90 125 186 14 141 61 122 108 44 58 182 18 37 164 35 56 119 97 153 173 20 48 30 105 49 66 166 53 138 15 117 45 136 143 42 135 121 129 2 32 114 67 29 95 123 63 7 184 110 200 16 23 78 168 132 157 11 101 55 34 144 191 167 111 112 147 41 91 98 142 145 174 6 107 77 82 115
30 90 63 155 105 69 79 7 48 9 127 104 123 1 36 149 64 126 161 162 134 55 119 97 153 173 80 43 152 20 67 29 138 96 24 140 86 95 11 110 141 200 35 56 81 194 118 12 158 169 101 34 144 53 93 191 114 62 10 99 54 172 189 27 68 84 112 14 103 17 70 33 22 183 185 116 148 3 179 41 52 65 137 171 38 40 188 190 83 180 21 133 197 46 170 91 51 181 196 125 186 100 192 75 195 108 44 58 182 18 37 164 98 142 145 88 163 49 66 166 5 8 177 45 136 143 42 135 121 129 2 32 174 61 122 184 165 23 78 168 132 157 6 107 15 117 111 77 82 16 115 167 147
156 85 124 72 39 47 146 106 109 120 151 199 94 193 139 154 13 26 175 4 57 74 187 31 150 87 28 160 178 159 60 128 113 198 130 131 92 50 76 89 176 102 59 71 19 73 25
108 83 22 54 180 12 183 44 58 182 86 172 21 133 197 45 136 143 43 158 169 185 18 23 24 140 126 189 27 68 84 42 135 81 194 118 127 116 148 3 179 78 168 62 10 99 64 79 161 162 46 170 111 17 70 33 80 9 104 155 152 37 164 137 171 38 40 188 190 96 1 36 149 134 69 90 121 129 2 32 100 192 75 181 195 35 56 119 97 153 173 20 48 30 105 132 157 5 8 177 52 114 67 29 138 95 123 63 7 165 51 103 196 11 110 141 200 101 55 65 93 88 163 34 144 53 191 112 125 186 14 61 122 41 49 66 166 15 117 91 184 16 98 142 145 167 174 147 6 107 77 82 115
66 186 49 166 65 184 103 125 52 93 51 181 196 14 141 188 88 163 53 138 33 75 195 61 122 110 173 200 99 190 15 117 34 144 29 149 191 118 16 11 9 153 10 140 167 1 79 36 17 70 43 147 119 127 104 155 97 137 171 38 40 24 86 126 67 64 161 162 134 69 90 100 192 81 194 12 158 169 80 152 20 48 30 105 5 8 177 62 54 172 189 27 68 84 96 95 123 63 7 165 22 183 185 116 148 3 179 35 56 101 55 83 180 21 133 197 46 170 114 112 108 44 58 182 18 37 164 41 45 136 143 42 135 121 129 2 32 91 23 78 168 132 157 98 142 145 111 174 6 107 77 82 115
177 192 8 38 70 100 40 10 5 118 17 165 99 140 137 171 33 43 188 190 24 86 126 75 181 195 81 194 12 158 169 127 52 62 54 172 189 27 68 84 64 79 161 162 51 103 196 22 183 185 116 148 3 179 80 9 104 155 152 65 93 88 163 83 180 21 133 197 46 170 96 1 36 149 134 69 90 125 186 14 141 61 122 108 44 58 182 18 37 164 35 56 119 97 153 173 20 48 30 105 49 66 166 53 138 15 117 45 136 143 42 135 121 129 2 32 114 67 29 95 123 63 7 184 110 200 16 23 78 168 132 157 11 101 55 34 144 191 167 111 112 147 41 91 98 142 145 174 6 107 77 82 115
129 37 46 121 148 164 132 27 170 2 32 169 116 157 68 84 86 3 179 12 43 158 54 172 24 140 126 189 22 183 185 81 194 118 127 83 180 21 133 197 62 10 99 64 79 161 162 108 44 58 182 18 17 70 33 80 9 104 155 152 45 136 143 42 135 137 171 38 40 188 190 96 1 36 149 134 69 90 23 78 168 100 192 75 181 195 35 56 119 97 153 173 20 48 30 105 111 5 8 177 52 114 67 29 138 95 123 63 7 165 51 103 196 11 110 141 200 101 55 65 93 88 163 34 144 53 191 112 125 186 14 61 122 41 49 66 166 15 117 91 184 16 98 142 145 167 174 147 6 107 77 82 115
147 167 16 117 122 15 163 196 88 52 61 51 103 181 65 93 188 125 186 14 141 33 75 195 49 66 166 53 138 99 190 184 110 173 200 118 34 144 29 149 191 10 140 11 9 153 17 70 43 1 79 36 137 171 38 40 24 86 126 119 127 104 155 97 100 192 81 194 12 158 169 67 64 161 162 134 69 90 5 8 177 62 54 172 189 27 68 84 80 152 20 48 30 105 165 22 183 185 116 148 3 179 96 95 123 63 7 83 180 21 133 197 46 170 35 56 101 55 108 44 58 182 18 37 164 114 112 45 136 143 42 135 121 129 2 32 41 23 78 168 132 157 91 111 98 142 145 174 6 107 77 82 115
36 9 97 1 79 149 119 127 104 155 153 173 67 64 126 161 162 134 69 90 29 138 80 43 152 20 48 30 105 11 110 141 200 96 24 140 86 95 123 63 7 34 144 53 93 191 35 56 81 194 118 12 158 169 101 55 14 103 114 62 10 99 54 172 189 27 68 84 112 52 65 17 70 33 22 183 185 116 148 3 179 41 51 181 196 125 186 137 171 38 40 188 190 83 180 21 133 197 46 170 91 88 163 49 66 166 100 192 75 195 108 44 58 182 18 37 164 98 142 145 61 122 184 5 8 177 45 136 143 42 135 121 129 2 32 174 15 117 165 23 78 168 132 157 6 107 16 111 77 82 167 115 147
85 39 156 151 199 124 72 47 146 106 109 120 94 193 139 154 13 26 175 4 57 74 187 31 150 87 28 160 178 159 60 128 113 198 130 131 92 50 76 89 176 102 59 71 19 73 25
20 134 95 104 101 79 112 9 127 155 41 1 36 149 64 126 161 162 69 90 91 119 97 153 173 80 43 152 48 30 105 98 142 145 67 29 138 96 24 140 86 123 63 7 174 11 110 141 200 35 56 81 194 118 12 158 169 55 6 107 34 144 53 93 191 114 62 10 99 54 172 189 27 68 84 77 82 14 103 17 70 33 22 183 185 116 148 3 179 115 52 65 137 171 38 40 188 190 83 180 21 133 197 46 170 51 181 196 125 186 100 192 75 195 108 44 58 182 18 37 164 88 163 49 66 166 5 8 177 45 136 143 42 135 121 129 2 32 61 122 184 165 23 78 168 132 157 15 117 111 16 167 147
131 159 130 150 160 57 128 74 31 87 154 50 76 89 176 28 175 146 60 120 72 139 92 47 106 109 156 94 193 13 26 85 124 4 39 187 151 199 178 113 198 102 59 71 19 73 25
163 122 196 15 117 88 52 16 61 51 103 181 167 65 93 188 147 125 186 14 141 33 75 195 49 66 166 53 138 99 190 184 110 173 200 118 34 144 29 149 191 10 140 11 9 153 17 70 43 1 79 36 137 171 38 40 24 86 126 119 127 104 155 97 100 192 81 194 12 158 169 67 64 161 162 134 69 90 5 8 177 62 54 172 189 27 68 84 80 152 20 48 30 105 165 22 183 185 116 148 3 179 96 95 123 63 7 83 180 21 133 197 46 170 35 56 101 55 108 44 58 182 18 37 164 114 112 45 136 143 42 135 121 129 2 32 41 23 78 168 132 157 91 111 98 142 145 174 6 107 77 82 115
31 57 150 87 154 159 146 130 131 160 72 139 128 74 47 106 109 120 156 50 76 89 176 28 175 94 193 13 26 85 124 60 4 39 92 187 151 199 178 113 198 102 59 71 19 73 25
81 62 24 43 194 140 86 126 118 12 158 169 127 10 99 54 172 189 27 68 84 64 79 161 162 17 70 33 22 183 185 116 148 3 179 80 9 104 155 152 137 171 38 40 188 190 83 180 21 133 197 46 170 96 1 36 149 134 69 90 100 192 75 181 195 108 44 58 182 18 37 164 35 56 119 97 153 173 20 48 30 105 5 8 177 52 45 136 143 42 135 121 129 2 32 114 67 29 138 95 123 63 7 165 51 103 196 23 78 168 132 157 11 110 141 200 101 55 65 93 88 163 111 34 144 53 191 112 125 186 14 61 122 41 49 66 166 15 117 91 184 16 98 142 145 167 174 147 6 107 77 82 115
139 146 72 154 47 106 109 120 156 57 94 193 13 26 175 85 124 31 150 87 4 74 39 159 187 28 160 151 199 130 131 178 60 128 113 198 92 50 76 89 176 102 59 71 19 73 25
60 28 92 74 175 160 120 128 159 72 50 76 89 176 130 131 150 47 146 106 109 156 57 94 193 139 154 13 26 85 124 31 87 4 39 187 151 199 178 113 198 102 59 71 19 73 25
113 102 178 59 71 187 198 19 73 25 4 94 47 72 193 146 106 109 120 156 139 154 13 26 175 85 124 57 74 39 31 150 87 28 160 151 199 159 60 128 130 131 92 50 76 89 176
25 71 102 59 113 19 73 178 187 198 4 94 47 72 193 146 106 109 120 156 139 154 13 26 175 85 124 57 74 39 31 150 87 28 160 151 199 159 60 128 130 131 92 50 76 89 176
38 70 100 192 40 10 5 8 177 118 17 165 99 140 137 171 33 43 188 190 24 86 126 75 181 195 81 194 12 158 169 127 52 62 54 172 189 27 68 84 64 79 161 162 51 103 196 22 183 185 116 148 3 179 80 9 104 155 152 65 93 88 163 83 180 21 133 197 46 170 96 1 36 149 134 69 90 125 186 14 141 61 122 108 44 58 182 18 37 164 35 56 119 97 153 173 20 48 30 105 49 66 166 53 138 15 117 45 136 143 42 135 121 129 2 32 114 67 29 95 123 63 7 184 110 200 16 23 78 168 132 157 11 101 55 34 144 191 167 111 112 147 41 91 98 142 145 174 6 107 77 82 115
1 9 119 79 36 149 67 127 104 155 97 153 173 64 126 161 162 134 69 90 29 138 80 43 152 20 48 30 105 11 110 141 200 96 24 140 86 95 123 63 7 34 144 53 93 191 35 56 81 194 118 12 158 169 101 55 14 103 114 62 10 99 54 172 189 27 68 84 112 52 65 17 70 33 22 183 185 116 148 3 179 41 51 181 196 125 186 137 171 38 40 188 190 83 180 21 133 197 46 170 91 88 163 49 66 166 100 192 75 195 108 44 58 182 18 37 164 98 142 145 61 122 184 5 8 177 45 136 143 42 135 121 129 2 32 174 15 117 165 23 78 168 132 157 6 107 16 111 77 82 167 115 147
136 58 180 44 22 182 45 54 83 143 12 183 108 23 86 172 21 133 197 43 158 169 185 18 24 140 126 189 27 68 84 42 135 81 194 118 127 116 148 3 179 78 168 62 10 99 64 79 161 162 46 170 111 17 70 33 80 9 104 155 152 37 164 137 171 38 40 188 190 96 1 36 149 134 69 90 121 129 2 32 100 192 75 181 195 35 56 119 97 153 173 20 48 30 105 132 157 5 8 177 52 114 67 29 138 95 123 63 7 165 51 103 196 11 110 141 200 101 55 65 93 88 163 34 144 53 191 112 125 186 14 61 122 41 49 66 166 15 117 91 184 16 98 142 145 167 174 147 6 107 77 82 115
165 5 100 38 70 192 40 10 8 177 118 17 99 140 137 171 33 43 188 190 24 86 126 75 181 195 81 194 12 158 169 127 52 62 54 172 189 27 68 84 64 79 161 162 51 103 196 22 183 185 116 148 3 179 80 9 104 155 152 65 93 88 163 83 180 21 133 197 46 170 96 1 36 149 134 69 90 125 186 14 141 61 122 108 44 58 182 18 37 164 35 56 119 97 153 173 20 48 30 105 49 66 166 53 138 15 117 45 136 143 42 135 121 129 2 32 114 67 29 95 123 63 7 184 110 200 16 23 78 168 132 157 11 101 55 34 144 191 167 111 112 147 41 91 98 142 145 174 6 107 77 82 115
29 11 173 138 149 110 141 200 9 153 34 144 53 93 191 1 79 36 14 103 119 127 104 155 97 52 65 67 64 126 161 162 134 69 90 51 181 196 125 186 80 43 152 20 48 30 105 188 88 163 49 66 166 96 24 140 86 95 123 63 7 33 75 195 61 122 184 35 56 81 194 118 12 158 169 101 55 99 190 15 117 114 62 10 54 172 189 27 68 84 112 16 17 70 22 183 185 116 148 3 179 41 167 137 171 38 40 83 180 21 133 197 46 170 91 147 100 192 108 44 58 182 18 37 164 98 142 145 5 8 177 45 136 143 42 135 121 129 2 32 174 165 23 78 168 132 157 6 107 111 77 82 115
172 12 185 86 54 43 158 169 22 183 24 140 126 189 27 68 84 83 180 21 133 197 81 194 118 127 116 148 3 179 108 44 58 182 18 62 10 99 64 79 161 162 46 170 45 136 143 42 135 17 70 33 80 9 104 155 152 37 164 23 78 168 137 171 38 40 188 190 96 1 36 149 134 69 90 121 129 2 32 111 100 192 75 181 195 35 56 119 97 153 173 20 48 30 105 132 157 5 8 177 52 114 67 29 138 95 123 63 7 165 51 103 196 11 110 141 200 101 55 65 93 88 163 34 144 53 191 112 125 186 14 61 122 41 49 66 166 15 117 91 184 16 98 142 145 167 174 147 6 107 77 82 115
50 128 76 89 160 176 159 74 130 131 150 28 175 57 60 120 31 87 154 92 72 146 47 106 109 156 139 94 193 13 26 85 124 4 39 187 151 199 178 113 198 102 59 71 19 73 25
179 84 3 169 27 68 86 116 148 12 43 158 46 170 54 172 24 140 126 189 37 164 22 183 185 81 194 118 127 121 129 2 32 83 180 21 133 197 62 10 99 64 79 161 162 132 157 108 44 58 182 18 17 70 33 80 9 104 155 152 45 136 143 42 135 137 171 38 40 188 190 96 1 36 149 134 69 90 23 78 168 100 192 75 181 195 35 56 119 97 153 173 20 48 30 105 111 5 8 177 52 114 67 29 138 95 123 63 7 165 51 103 196 11 110 141 200 101 55 65 93 88 163 34 144 53 191 112 125 186 14 61 122 41 49 66 166 15 117 91 184 16 98 142 145 167 174 147 6 107 77 82 115
15 122 117 163 16 196 167 88 52 147 61 51 103 181 65 93 188 125 186 14 141 33 75 195 49 66 166 53 138 99 190 184 110 173 200 118 34 144 29 149 191 10 140 11 9 153 17 70 43 1 79 36 137 171 38 40 24 86 126 119 127 104 155 97 100 192 81 194 12 158 169 67 64 161 162 134 69 90 5 8 177 62 54 172 189 27 68 84 80 152 20 48 30 105 165 22 183 185 116 148 3 179 96 95 123 63 7 83 180 21 133 197 46 170 35 56 101 55 108 44 58 182 18 37 164 114 112 45 136 143 42 135 121 129 2 32 41 23 78 168 132 157 91 111 98 142 145 174 6 107 77 82 115
160 128 159 74 50 76 89 176 130 131 150 28 175 57 60 120 31 87 154 92 72 146 47 106 109 156 139 94 193 13 26 85 124 4 39 187 151 199 178 113 198 102 59 71 19 73 25
7 105 90 30 155 63 69 79 48 9 127 104 123 1 36 149 64 126 161 162 134 55 119 97 153 173 80 43 152 20 67 29 138 96 24 140 86 95 11 110 141 200 35 56 81 194 118 12 158 169 101 34 144 53 93 191 114 62 10 99 54 172 189 27 68 84 112 14 103 17 70 33 22 183 185 116 148 3 179 41 52 65 137 171 38 40 188 190 83 180 21 133 197 46 170 91 51 181 196 125 186 100 192 75 195 108 44 58 182 18 37 164 98 142 145 88 163 49 66 166 5 8 177 45 136 143 42 135 121 129 2 32 174 61 122 184 165 23 78 168 132 157 6 107 15 117 111 77 82 16 115 167 147
157 2 164 32 46 37 148 121 129 27 170 132 169 116 68 84 86 3 179 12 43 158 54 172 24 140 126 189 22 183 185 81 194 118 127 83 180 21 133 197 62 10 99 64 79 161 162 108 44 58 182 18 17 70 33 80 9 104 155 152 45 136 143 42 135 137 171 38 40 188 190 96 1 36 149 134 69 90 23 78 168 100 192 75 181 195 35 56 119 97 153 173 20 48 30 105 111 5 8 177 52 114 67 29 138 95 123 63 7 165 51 103 196 11 110 141 200 101 55 65 93 88 163 34 144 53 191 112 125 186 14 61 122 41 49 66 166 15 117 91 184 16 98 142 145 167 174 147 6 107 77 82 115
77 6 115 174 82 107 145 91 41 98 142 112 101 95 20 134 104 79 9 127 155 1 36 149 64 126 161 162 69 90 119 97 153 173 80 43 152 48 30 105 67 29 138 96 24 140 86 123 63 7 11 110 141 200 35 56 81 194 118 12 158 169 55 34 144 53 93 191 114 62 10 99 54 172 189 27 68 84 14 103 17 70 33 22 183 185 116 148 3 179 52 65 137 171 38 40 188 190 83 180 21 133 197 46 170 51 181 196 125 186 100 192 75 195 108 44 58 182 18 37 164 88 163 49 66 166 5 8 177 45 136 143 42 135 121 129 2 32 61 122 184 165 23 78 168 132 157 15 117 111 16 167 147
173 29 138 149 11 110 141 200 9 153 34 144 53 93 191 1 79 36 14 103 119 127 104 155 97 52 65 67 64 126 161 162 134 69 90 51 181 196 125 186 80 43 152 20 48 30 105 188 88 163 49 66 166 96 24 140 86 95 123 63 7 33 75 195 61 122 184 35 56 81 194 118 12 158 169 101 55 99 190 15 117 114 62 10 54 172 189 27 68 84 112 16 17 70 22 183 185 116 148 3 179 41 167 137 171 38 40 83 180 21 133 197 46 170 91 147 100 192 108 44 58 182 18 37 164 98 142 145 5 8 177 45 136 143 42 135 121 129 2 32 174 165 23 78 168 132 157 6 107 111 77 82 115
62 81 24 43 194 140 86 126 118 12 158 169 127 10 99 54 172 189 27 68 84 64 79 161 162 17 70 33 22 183 185 116 148 3 179 80 9 104 155 152 137 171 38 40 188 190 83 180 21 133 197 46 170 96 1 36 149 134 69 90 100 192 75 181 195 108 44 58 182 18 37 164 35 56 119 97 153 173 20 48 30 105 5 8 177 52 45 136 143 42 135 121 129 2 32 114 67 29 138 95 123 63 7 165 51 103 196 23 78 168 132 157 11 110 141 200 101 55 65 93 88 163 111 34 144 53 191 112 125 186 14 61 122 41 49 66 166 15 117 91 184 16 98 142 145 167 174 147 6 107 77 82 115
55 123 48 69 155 90 79 30 105 9 127 104 63 7 1 36 149 64 126 161 162 134 119 97 153 173 80 43 152 20 67 29 138 96 24 140 86 95 11 110 141 200 35 56 81 194 118 12 158 169 101 34 144 53 93 191 114 62 10 99 54 172 189 27 68 84 112 14 103 17 70 33 22 183 185 116 148 3 179 41 52 65 137 171 38 40 188 190 83 180 21 133 197 46 170 91 51 181 196 125 186 100 192 75 195 108 44 58 182 18 37 164 98 142 145 88 163 49 66 166 5 8 177 45 136 143 42 135 121 129 2 32 174 61 122 184 165 23 78 168 132 157 6 107 15 117 111 77 82 16 115 167 147
181 52 188 51 103 196 33 75 195 65 93 88 163 99 190 125 186 14 141 61 122 118 49 66 166 53 138 15 117 10 140 184 110 173 200 16 17 70 43 34 144 29 149 191 167 137 171 38 40 24 86 126 11 9 153 147 100 192 81 194 12 158 169 127 1 79 36 5 8 177 62 54 172 189 27 68 84 64 161 162 119 104 155 97 165 22 183 185 116 148 3 179 80 152 67 134 69 90 83 180 21 133 197 46 170 96 20 48 30 105 108 44 58 182 18 37 164 35 56 95 123 63 7 45 136 143 42 135 121 129 2 32 114 101 55 23 78 168 132 157 112 111 41 91 98 142 145 174 6 107 77 82 115
155 69 90 79 48 30 105 9 127 104 123 63 7 1 36 149 64 126 161 162 134 55 119 97 153 173 80 43 152 20 67 29 138 96 24 140 86 95 11 110 141 200 35 56 81 194 118 12 158 169 101 34 144 53 93 191 114 62 10 99 54 172 189 27 68 84 112 14 103 17 70 33 22 183 185 116 148 3 179 41 52 65 137 171 38 40 188 190 83 180 21 133 197 46 170 91 51 181 196 125 186 100 192 75 195 108 44 58 182 18 37 164 98 142 145 88 163 49 66 166 5 8 177 45 136 143 42 135 121 129 2 32 174 61 122 184 165 23 78 168 132 157 6 107 15 117 111 77 82 16 115 167 147
22 54 83 180 12 183 108 44 58 182 86 172 21 133 197 45 136 143 43 158 169 185 18 23 24 140 126 189 27 68 84 42 135 81 194 118 127 116 148 3 179 78 168 62 10 99 64 79 161 162 46 170 111 17 70 33 80 9 104 155 152 37 164 137 171 38 40 188 190 96 1 36 149 134 69 90 121 129 2 32 100 192 75 181 195 35 56 119 97 153 173 20 48 30 105 132 157 5 8 177 52 114 67 29 138 95 123 63 7 165 51 103 196 11 110 141 200 101 55 65 93 88 163 34 144 53 191 112 125 186 14 61 122 41 49 66 166 15 117 91 184 16 98 142 145 167 174 147 6 107 77 82 115
78 42 111 18 197 135 183 168 21 133 54 22 12 83 180 86 172 108 44 58 182 43 158 169 185 45 136 143 24 140 126 189 27 68 84 23 81 194 118 127 116 148 3 179 62 10 99 64 79 161 162 46 170 17 70 33 80 9 104 155 152 37 164 137 171 38 40 188 190 96 1 36 149 134 69 90 121 129 2 32 100 192 75 181 195 35 56 119 97 153 173 20 48 30 105 132 157 5 8 177 52 114 67 29 138 95 123 63 7 165 51 103 196 11 110 141 200 101 55 65 93 88 163 34 144 53 191 112 125 186 14 61 122 41 49 66 166 15 117 91 184 16 98 142 145 167 174 147 6 107 77 82 115
148 46 27 170 37 164 169 116 121 129 2 32 68 84 86 132 157 3 179 12 43 158 54 172 24 140 126 189 22 183 185 81 194 118 127 83 180 21 133 197 62 10 99 64 79 161 162 108 44 58 182 18 17 70 33 80 9 104 155 152 45 136 143 42 135 137 171 38 40 188 190 96 1 36 149 134 69 90 23 78 168 100 192 75 181 195 35 56 119 97 153 173 20 48 30 105 111 5 8 177 52 114 67 29 138 95 123 63 7 165 51 103 196 11 110 141 200 101 55 65 93 88 163 34 144 53 191 112 125 186 14 61 122 41 49 66 166 15 117 91 184 16 98 142 145 167 174 147 6 107 77 82 115
65 103 125 186 52 93 49 66 166 51 181 196 14 141 184 188 88 163 53 138 33 75 195 61 122 110 173 200 99 190 15 117 34 144 29 149 191 118 16 11 9 153 10 140 167 1 79 36 17 70 43 147 119 127 104 155 97 137 171 38 40 24 86 126 67 64 161 162 134 69 90 100 192 81 194 12 158 169 80 152 20 48 30 105 5 8 177 62 54 172 189 27 68 84 96 95 123 63 7 165 22 183 185 116 148 3 179 35 56 101 55 83 180 21 133 197 46 170 114 112 108 44 58 182 18 37 164 41 45 136 143 42 135 121 129 2 32 91 23 78 168 132 157 98 142 145 111 174 6 107 77 82 115
112 41 101 91 95 98 142 145 20 174 134 6 107 104 77 82 79 115 9 127 155 1 36 149 64 126 161 162 69 90 119 97 153 173 80 43 152 48 30 105 67 29 138 96 24 140 86 123 63 7 11 110 141 200 35 56 81 194 118 12 158 169 55 34 144 53 93 191 114 62 10 99 54 172 189 27 68 84 14 103 17 70 33 22 183 185 116 148 3 179 52 65 137 171 38 40 188 190 83 180 21 133 197 46 170 51 181 196 125 186 100 192 75 195 108 44 58 182 18 37 164 88 163 49 66 166 5 8 177 45 136 143 42 135 121 129 2 32 61 122 184 165 23 78 168 132 157 15 117 111 16 167 147
190 33 188 99 75 181 195 118 52 10 140 51 103 196 17 70 43 65 93 88 163 137 171 38 40 24 86 126 125 186 14 141 61 122 100 192 81 194 12 158 169 127 49 66 166 53 138 15 117 5 8 177 62 54 172 189 27 68 84 64 79 161 162 184 110 173 200 16 165 22 183 185 116 148 3 179 80 9 104 155 152 34 144 29 149 191 167 83 180 21 133 197 46 170 96 1 36 134 69 90 11 153 147 108 44 58 182 18 37 164 35 56 119 97 20 48 30 105 45 136 143 42 135 121 129 2 32 114 67 95 123 63 7 23 78 168 132 157 101 55 111 112 41 91 98 142 145 174 6 107 77 82 115
110 34 138 144 173 141 200 29 149 53 93 191 11 9 153 14 103 1 79 36 52 65 119 127 104 155 97 51 181 196 125 186 67 64 126 161 162 134 69 90 188 88 163 49 66 166 80 43 152 20 48 30 105 33 75 195 61 122 184 96 24 140 86 95 123 63 7 99 190 15 117 35 56 81 194 118 12 158 169 101 55 16 114 62 10 54 172 189 27 68 84 112 167 17 70 22 183 185 116 148 3 179 41 147 137 171 38 40 83 180 21 133 197 46 170 91 100 192 108 44 58 182 18 37 164 98 142 145 5 8 177 45 136 143 42 135 121 129 2 32 174 165 23 78 168 132 157 6 107 111 77 82 115
68 169 27 84 86 116 148 3 179 12 43 158 46 170 54 172 24 140 126 189 37 164 22 183 185 81 194 118 127 121 129 2 32 83 180 21 133 197 62 10 99 64 79 161 162 132 157 108 44 58 182 18 17 70 33 80 9 104 155 152 45 136 143 42 135 137 171 38 40 188 190 96 1 36 149 134 69 90 23 78 168 100 192 75 181 195 35 56 119 97 153 173 20 48 30 105 111 5 8 177 52 114 67 29 138 95 123 63 7 165 51 103 196 11 110 141 200 101 55 65 93 88 163 34 144 53 191 112 125 186 14 61 122 41 49 66 166 15 117 91 184 16 98 142 145 167 174 147 6 107 77 82 115
188 33 75 181 195 99 190 52 118 51 103 196 10 140 65 93 88 163 17 70 43 125 186 14 141 61 122 137 171 38 40 24 86 126 49 66 166 53 138 15 117 100 192 81 194 12 158 169 127 184 110 173 200 16 5 8 177 62 54 172 189 27 68 84 64 79 161 162 34 144 29 149 191 167 165 22 183 185 116 148 3 179 80 9 104 155 152 11 153 147 83 180 21 133 197 46 170 96 1 36 134 69 90 108 44 58 182 18 37 164 35 56 119 97 20 48 30 105 45 136 143 42 135 121 129 2 32 114 67 95 123 63 7 23 78 168 132 157 101 55 111 112 41 91 98 142 145 174 6 107 77 82 115
199 39 85 151 156 124 72 47 146 106 109 120 94 193 139 154 13 26 175 4 57 74 187 31 150 87 28 160 178 159 60 128 113 198 130 131 92 50 76 89 176 102 59 71 19 73 25
18 197 42 135 183 78 168 21 133 54 111 22 12 83 180 86 172 108 44 58 182 43 158 169 185 45 136 143 24 140 126 189 27 68 84 23 81 194 118 127 116 148 3 179 62 10 99 64 79 161 162 46 170 17 70 33 80 9 104 155 152 37 164 137 171 38 40 188 190 96 1 36 149 134 69 90 121 129 2 32 100 192 75 181 195 35 56 119 97 153 173 20 48 30 105 132 157 5 8 177 52 114 67 29 138 95 123 63 7 165 51 103 196 11 110 141 200 101 55 65 93 88 163 34 144 53 191 112 125 186 14 61 122 41 49 66 166 15 117 91 184 16 98 142 145 167 174 147 6 107 77 82 115
107 174 6 145 77 82 91 115 41 98 142 112 101 95 20 134 104 79 9 127 155 1 36 149 64 126 161 162 69 90 119 97 153 173 80 43 152 48 30 105 67 29 138 96 24 140 86 123 63 7 11 110 141 200 35 56 81 194 118 12 158 169 55 34 144 53 93 191 114 62 10 99 54 172 189 27 68 84 14 103 17 70 33 22 183 185 116 148 3 179 52 65 137 171 38 40 188 190 83 180 21 133 197 46 170 51 181 196 125 186 100 192 75 195 108 44 58 182 18 37 164 88 163 49 66 166 5 8 177 45 136 143 42 135 121 129 2 32 61 122 184 165 23 78 168 132 157 15 117 111 16 167 147
127 64 79 126 161 162 80 9 104 155 43 152 96 1 36 149 134 69 90 24 140 86 35 56 119 97 153 173 20 48 30 105 81 194 118 12 158 169 114 67 29 138 95 123 63 7 62 10 99 54 172 189 27 68 84 11 110 141 200 101 55 17 70 33 22 183 185 116 148 3 179 34 144 53 93 191 112 137 171 38 40 188 190 83 180 21 133 197 46 170 14 103 41 100 192 75 181 195 108 44 58 182 18 37 164 52 65 91 5 8 177 45 136 143 42 135 121 129 2 32 51 196 125 186 98 142 145 165 23 78 168 132 157 88 163 49 66 166 174 111 61 122 184 6 107 15 117 77 82 16 115 167 147
13 106 72 47 146 109 120 156 94 193 139 154 26 175 85 124 4 57 74 39 187 31 150 87 28 160 151 199 178 159 60 128 113 198 130 131 92 50 76 89 176 102 59 71 19 73 25
134 20 104 95 79 101 9 127 155 112 1 36 149 64 126 161 162 69 90 41 119 97 153 173 80 43 152 48 30 105 91 67 29 138 96 24 140 86 123 63 7 98 142 145 11 110 141 200 35 56 81 194 118 12 158 169 55 174 34 144 53 93 191 114 62 10 99 54 172 189 27 68 84 6 107 14 103 17 70 33 22 183 185 116 148 3 179 77 82 52 65 137 171 38 40 188 190 83 180 21 133 197 46 170 115 51 181 196 125 186 100 192 75 195 108 44 58 182 18 37 164 88 163 49 66 166 5 8 177 45 136 143 42 135 121 129 2 32 61 122 184 165 23 78 168 132 157 15 117 111 16 167 147
93 14 141 103 53 138 52 65 110 173 200 51 181 196 125 186 34 144 29 149 191 188 88 163 49 66 166 11 9 153 33 75 195 61 122 184 1 79 36 99 190 15 117 119 127 104 155 97 118 16 67 64 126 161 162 134 69 90 10 140 167 80 43 152 20 48 30 105 17 70 147 96 24 86 95 123 63 7 137 171 38 40 35 56 81 194 12 158 169 101 55 100 192 114 62 54 172 189 27 68 84 112 5 8 177 22 183 185 116 148 3 179 41 165 83 180 21 133 197 46 170 91 108 44 58 182 18 37 164 98 142 145 45 136 143 42 135 121 129 2 32 174 23 78 168 132 157 6 107 111 77 82 115
186 49 66 166 65 184 103 125 52 93 51 181 196 14 141 188 88 163 53 138 33 75 195 61 122 110 173 200 99 190 15 117 34 144 29 149 191 118 16 11 9 153 10 140 167 1 79 36 17 70 43 147 119 127 104 155 97 137 171 38 40 24 86 126 67 64 161 162 134 69 90 100 192 81 194 12 158 169 80 152 20 48 30 105 5 8 177 62 54 172 189 27 68 84 96 95 123 63 7 165 22 183 185 116 148 3 179 35 56 101 55 83 180 21 133 197 46 170 114 112 108 44 58 182 18 37 164 41 45 136 143 42 135 121 129 2 32 91 23 78 168 132 157 98 142 145 111 174 6 107 77 82 115
95 20 101 134 112 104 41 79 91 9 127 155 98 142 145 1 36 149 64 126 161 162 69 90 174 119 97 153 173 80 43 152 48 30 105 6 107 67 29 138 96 24 140 86 123 63 7 77 82 11 110 141 200 35 56 81 194 118 12 158 169 55 115 34 144 53 93 191 114 62 10 99 54 172 189 27 68 84 14 103 17 70 33 22 183 185 116 148 3 179 52 65 137 171 38 40 188 190 83 180 21 133 197 46 170 51 181 196 125 186 100 192 75 195 108 44 58 182 18 37 164 88 163 49 66 166 5 8 177 45 136 143 42 135 121 129 2 32 61 122 184 165 23 78 168 132 157 15 117 111 16 167 147
58 180 136 44 22 182 45 54 83 143 12 183 108 23 86 172 21 133 197 43 158 169 185 18 24 140 126 189 27 68 84 42 135 81 194 118 127 116 148 3 179 78 168 62 10 99 64 79 161 162 46 170 111 17 70 33 80 9 104 155 152 37 164 137 171 38 40 188 190 96 1 36 149 134 69 90 121 129 2 32 100 192 75 181 195 35 56 119 97 153 173 20 48 30 105 132 157 5 8 177 52 114 67 29 138 95 123 63 7 165 51 103 196 11 110 141 200 101 55 65 93 88 163 34 144 53 191 112 125 186 14 61 122 41 49 66 166 15 117 91 184 16 98 142 145 167 174 147 6 107 77 82 115
137 17 10 171 118 70 99 140 38 40 33 43 100 192 188 190 24 86 126 5 8 177 75 181 195 81 194 12 158 169 127 165 52 62 54 172 189 27 68 84 64 79 161 162 51 103 196 22 183 185 116 148 3 179 80 9 104 155 152 65 93 88 163 83 180 21 133 197 46 170 96 1 36 149 134 69 90 125 186 14 141 61 122 108 44 58 182 18 37 164 35 56 119 97 153 173 20 48 30 105 49 66 166 53 138 15 117 45 136 143 42 135 121 129 2 32 114 67 29 95 123 63 7 184 110 200 16 23 78 168 132 157 11 101 55 34 144 191 167 111 112 147 41 91 98 142 145 174 6 107 77 82 115
189 158 86 12 43 169 54 172 24 140 126 27 68 84 22 183 185 81 194 118 127 116 148 3 179 83 180 21 133 197 62 10 99 64 79 161 162 46 170 108 44 58 182 18 17 70 33 80 9 104 155 152 37 164 45 136 143 42 135 137 171 38 40 188 190 96 1 36 149 134 69 90 121 129 2 32 23 78 168 100 192 75 181 195 35 56 119 97 153 173 20 48 30 105 132 157 111 5 8 177 52 114 67 29 138 95 123 63 7 165 51 103 196 11 110 141 200 101 55 65 93 88 163 34 144 53 191 112 125 186 14 61 122 41 49 66 166 15 117 91 184 16 98 142 145 167 174 147 6 107 77 82 115
115 77 6 174 82 107 145 91 41 98 142 112 101 95 20 134 104 79 9 127 155 1 36 149 64 126 161 162 69 90 119 97 153 173 80 43 152 48 30 105 67 29 138 96 24 140 86 123 63 7 11 110 141 200 35 56 81 194 118 12 158 169 55 34 144 53 93 191 114 62 10 99 54 172 189 27 68 84 14 103 17 70 33 22 183 185 116 148 3 179 52 65 137 171 38 40 188 190 83 180 21 133 197 46 170 51 181 196 125 186 100 192 75 195 108 44 58 182 18 37 164 88 163 49 66 166 5 8 177 45 136 143 42 135 121 129 2 32 61 122 184 165 23 78 168 132 157 15 117 111 16 167 147
84 3 169 179 27 68 86 116 148 12 43 158 46 170 54 172 24 140 126 189 37 164 22 183 185 81 194 118 127 121 129 2 32 83 180 21 133 197 62 10 99 64 79 161 162 132 157 108 44 58 182 18 17 70 33 80 9 104 155 152 45 136 143 42 135 137 171 38 40 188 190 96 1 36 149 134 69 90 23 78 168 100 192 75 181 195 35 56 119 97 153 173 20 48 30 105 111 5 8 177 52 114 67 29 138 95 123 63 7 165 51 103 196 11 110 141 200 101 55 65 93 88 163 34 144 53 191 112 125 186 14 61 122 41 49 66 166 15 117 91 184 16 98 142 145 167 174 147 6 107 77 82 115
102 59 71 113 19 73 25 178 187 198 4 94 47 72 193 146 106 109 120 156 139 154 13 26 175 85 124 57 74 39 31 150 87 28 160 151 199 159 60 128 130 131 92 50 76 89 176
141 53 93 138 14 103 110 173 200 52 65 34 144 29 149 191 51 181 196 125 186 11 9 153 188 88 163 49 66 166 1 79 36 33 75 195 61 122 184 119 127 104 155 97 99 190 15 117 67 64 126 161 162 134 69 90 118 16 80 43 152 20 48 30 105 10 140 167 96 24 86 95 123 63 7 17 70 147 35 56 81 194 12 158 169 101 55 137 171 38 40 114 62 54 172 189 27 68 84 112 100 192 22 183 185 116 148 3 179 41 5 8 177 83 180 21 133 197 46 170 91 165 108 44 58 182 18 37 164 98 142 145 45 136 143 42 135 121 129 2 32 174 23 78 168 132 157 6 107 111 77 82 115
180 44 58 22 182 45 136 54 83 143 12 183 108 23 86 172 21 133 197 43 158 169 185 18 24 140 126 189 27 68 84 42 135 81 194 118 127 116 148 3 179 78 168 62 10 99 64 79 161 162 46 170 111 17 70 33 80 9 104 155 152 37 164 137 171 38 40 188 190 96 1 36 149 134 69 90 121 129 2 32 100 192 75 181 195 35 56 119 97 153 173 20 48 30 105 132 157 5 8 177 52 114 67 29 138 95 123 63 7 165 51 103 196 11 110 141 200 101 55 65 93 88 163 34 144 53 191 112 125 186 14 61 122 41 49 66 166 15 117 91 184 16 98 142 145 167 174 147 6 107 77 82 115
69 48 155 123 90 79 55 30 105 9 127 104 63 7 1 36 149 64 126 161 162 134 119 97 153 173 80 43 152 20 67 29 138 96 24 140 86 95 11 110 141 200 35 56 81 194 118 12 158 169 101 34 144 53 93 191 114 62 10 99 54 172 189 27 68 84 112 14 103 17 70 33 22 183 185 116 148 3 179 41 52 65 137 171 38 40 188 190 83 180 21 133 197 46 170 91 51 181 196 125 186 100 192 75 195 108 44 58 182 18 37 164 98 142 145 88 163 49 66 166 5 8 177 45 136 143 42 135 121 129 2 32 174 61 122 184 165 23 78 168 132 157 6 107 15 117 111 77 82 16 115 167 147
152 161 127 64 79 126 162 80 9 104 155 43 96 1 36 149 134 69 90 24 140 86 35 56 119 97 153 173 20 48 30 105 81 194 118 12 158 169 114 67 29 138 95 123 63 7 62 10 99 54 172 189 27 68 84 11 110 141 200 101 55 17 70 33 22 183 185 116 148 3 179 34 144 53 93 191 112 137 171 38 40 188 190 83 180 21 133 197 46 170 14 103 41 100 192 75 181 195 108 44 58 182 18 37 164 52 65 91 5 8 177 45 136 143 42 135 121 129 2 32 51 196 125 186 98 142 145 165 23 78 168 132 157 88 163 49 66 166 174 111 61 122 184 6 107 15 117 77 82 16 115 167 147
145 91 174 41 98 142 6 107 112 77 82 101 115 95 20 134 104 79 9 127 155 1 36 149 64 126 161 162 69 90 119 97 153 173 80 43 152 48 30 105 67 29 138 96 24 140 86 123 63 7 11 110 141 200 35 56 81 194 118 12 158 169 55 34 144 53 93 191 114 62 10 99 54 172 189 27 68 84 14 103 17 70 33 22 183 185 116 148 3 179 52 65 137 171 38 40 188 190 83 180 21 133 197 46 170 51 181 196 125 186 100 192 75 195 108 44 58 182 18 37 164 88 163 49 66 166 5 8 177 45 136 143 42 135 121 129 2 32 61 122 184 165 23 78 168 132 157 15 117 111 16 167 147
125 65 103 186 52 93 49 66 166 51 181 196 14 141 184 188 88 163 53 138 33 75 195 61 122 110 173 200 99 190 15 117 34 144 29 149 191 118 16 11 9 153 10 140 167 1 79 36 17 70 43 147 119 127 104 155 97 137 171 38 40 24 86 126 67 64 161 162 134 69 90 100 192 81 194 12 158 169 80 152 20 48 30 105 5 8 177 62 54 172 189 27 68 84 96 95 123 63 7 165 22 183 185 116 148 3 179 35 56 101 55 83 180 21 133 197 46 170 114 112 108 44 58 182 18 37 164 41 45 136 143 42 135 121 129 2 32 91 23 78 168 132 157 98 142 145 111 174 6 107 77 82 115
17 10 137 171 118 70 99 140 38 40 33 43 100 192 188 190 24 86 126 5 8 177 75 181 195 81 194 12 158 169 127 165 52 62 54 172 189 27 68 84 64 79 161 162 51 103 196 22 183 185 116 148 3 179 80 9 104 155 152 65 93 88 163 83 180 21 133 197 46 170 96 1 36 149 134 69 90 125 186 14 141 61 122 108 44 58 182 18 37 164 35 56 119 97 153 173 20 48 30 105 49 66 166 53 138 15 117 45 136 143 42 135 121 129 2 32 114 67 29 95 123 63 7 184 110 200 16 23 78 168 132 157 11 101 55 34 144 191 167 111 112 147 41 91 98 142 145 174 6 107 77 82 115
41 112 91 101 98 142 145 95 174 20 6 107 134 77 82 104 115 79 9 127 155 1 36 149 64 126 161 162 69 90 119 97 153 173 80 43 152 48 30 105 67 29 138 96 24 140 86 123 63 7 11 110 141 200 35 56 81 194 118 12 158 169 55 34 144 53 93 191 114 62 10 99 54 172 189 27 68 84 14 103 17 70 33 22 183 185 116 148 3 179 52 65 137 171 38 40 188 190 83 180 21 133 197 46 170 51 181 196 125 186 100 192 75 195 108 44 58 182 18 37 164 88 163 49 66 166 5 8 177 45 136 143 42 135 121 129 2 32 61 122 184 165 23 78 168 132 157 15 117 111 16 167 147
109 26 72 47 146 106 120 156 94 193 139 154 13 175 85 124 4 57 74 39 187 31 150 87 28 160 151 199 178 159 60 128 113 198 130 131 92 50 76 89 176 102 59 71 19 73 25
26 109 72 47 146 106 120 156 94 193 139 154 13 175 85 124 4 57 74 39 187 31 150 87 28 160 151 199 178 159 60 128 113 198 130 131 92 50 76 89 176 102 59 71 19 73 25
187 178 4 113 198 94 102 47 59 71 72 193 19 73 25 146 106 109 120 156 139 154 13 26 175 85 124 57 74 39 31 150 87 28 160 151 199 159 60 128 130 131 92 50 76 89 176
150 57 159 31 87 154 130 131 160 146 128 74 72 139 50 76 89 176 28 175 47 106 109 120 156 60 94 193 13 26 85 124 92 4 39 187 151 199 178 113 198 102 59 71 19 73 25
16 117 167 122 147 15 163 196 88 52 61 51 103 181 65 93 188 125 186 14 141 33 75 195 49 66 166 53 138 99 190 184 110 173 200 118 34 144 29 149 191 10 140 11 9 153 17 70 43 1 79 36 137 171 38 40 24 86 126 119 127 104 155 97 100 192 81 194 12 158 169 67 64 161 162 134 69 90 5 8 177 62 54 172 189 27 68 84 80 152 20 48 30 105 165 22 183 185 116 148 3 179 96 95 123 63 7 83 180 21 133 197 46 170 35 56 101 55 108 44 58 182 18 37 164 114 112 45 136 143 42 135 121 129 2 32 41 23 78 168 132 157 91 111 98 142 145 174 6 107 77 82 115
14 93 141 103 53 138 52 65 110 173 200 51 181 196 125 186 34 144 29 149 191 188 88 163 49 66 166 11 9 153 33 75 195 61 122 184 1 79 36 99 190 15 117 119 127 104 155 97 118 16 67 64 126 161 162 134 69 90 10 140 167 80 43 152 20 48 30 105 17 70 147 96 24 86 95 123 63 7 137 171 38 40 35 56 81 194 12 158 169 101 55 100 192 114 62 54 172 189 27 68 84 112 5 8 177 22 183 185 116 148 3 179 41 165 83 180 21 133 197 46 170 91 108 44 58 182 18 37 164 98 142 145 45 136 143 42 135 121 129 2 32 174 23 78 168 132 157 6 107 111 77 82 115
80 64 96 127 35 56 79 126 161 162 114 9 104 155 43 152 1 36 149 134 69 90 24 140 86 119 97 153 173 20 48 30 105 81 194 118 12 158 169 67 29 138 95 123 63 7 62 10 99 54 172 189 27 68 84 11 110 141 200 101 55 17 70 33 22 183 185 116 148 3 179 34 144 53 93 191 112 137 171 38 40 188 190 83 180 21 133 197 46 170 14 103 41 100 192 75 181 195 108 44 58 182 18 37 164 52 65 91 5 8 177 45 136 143 42 135 121 129 2 32 51 196 125 186 98 142 145 165 23 78 168 132 157 88 163 49 66 166 174 111 61 122 184 6 107 15 117 77 82 16 115 167 147
52 51 103 181 196 65 93 188 88 163 125 186 14 141 33 75 195 61 122 49 66 166 53 138 99 190 15 117 184 110 173 200 118 16 34 144 29 149 191 10 140 167 11 9 153 17 70 43 147 1 79 36 137 171 38 40 24 86 126 119 127 104 155 97 100 192 81 194 12 158 169 67 64 161 162 134 69 90 5 8 177 62 54 172 189 27 68 84 80 152 20 48 30 105 165 22 183 185 116 148 3 179 96 95 123 63 7 83 180 21 133 197 46 170 35 56 101 55 108 44 58 182 18 37 164 114 112 45 136 143 42 135 121 129 2 32 41 23 78 168 132 157 91 111 98 142 145 174 6 107 77 82 115
142 91 41 98 145 112 174 101 6 107 95 77 82 20 115 134 104 79 9 127 155 1 36 149 64 126 161 162 69 90 119 97 153 173 80 43 152 48 30 105 67 29 138 96 24 140 86 123 63 7 11 110 141 200 35 56 81 194 118 12 158 169 55 34 144 53 93 191 114 62 10 99 54 172 189 27 68 84 14 103 17 70 33 22 183 185 116 148 3 179 52 65 137 171 38 40 188 190 83 180 21 133 197 46 170 51 181 196 125 186 100 192 75 195 108 44 58 182 18 37 164 88 163 49 66 166 5 8 177 45 136 143 42 135 121 129 2 32 61 122 184 165 23 78 168 132 157 15 117 111 16 167 147
92 60 28 74 175 160 120 128 159 72 50 76 89 176 130 131 150 47 146 106 109 156 57 94 193 139 154 13 26 85 124 31 87 4 39 187 151 199 178 113 198 102 59 71 19 73 25
