graph 1
71 25 102 59 19 73 113 178 187 4 94 47 72 146 139 154 57 31 150 159 130 131 160 128 50 76 89 176 74 28 60 92 175 120 87 106 13 109 26 156 85 39 151 199 124 193 198
70 38 100 5 165 192 8 177 40 10 118 99 33 188 75 181 52 51 103 65 125 186 49 184 66 166 93 14 141 53 138 110 34 144 173 29 11 149 9 1 119 67 79 127 64 80 96 35 56 114 126 43 24 81 62 194 140 86 12 54 22 83 108 180 44 45 58 136 182 143 23 183 21 133 197 18 42 78 111 135 168 172 185 158 189 169 27 116 148 46 37 121 132 129 164 2 157 32 170 68 84 3 179 161 152 162 104 134 20 95 101 112 41 91 98 142 145 174 6 77 115 82 107 155 69 48 123 55 90 30 63 105 7 36 97 153 200 191 196 88 61 163 122 15 117 16 167 147 195 190 17 137 171
162 127 64 80 96 35 56 114 79 9 1 119 67 36 97 149 153 173 29 11 138 110 34 144 141 53 93 14 103 52 51 181 188 33 99 118 10 17 137 171 70 38 100 5 165 192 8 177 40 140 43 24 81 62 194 86 12 54 22 83 108 180 44 45 58 136 182 143 23 183 21 133 197 18 42 78 111 135 168 172 185 158 189 169 27 116 148 46 37 121 132 129 164 2 157 32 170 68 84 3 179 126 190 75 195 196 88 61 163 122 15 117 16 167 147 65 125 186 49 184 66 166 200 191 104 134 20 95 101 112 41 91 98 142 145 174 6 77 115 82 107 155 69 48 123 55 90 30 63 105 7 161 152
64 127 79 9 1 119 67 36 97 149 153 173 29 11 138 110 34 144 141 53 93 14 103 52 51 181 188 33 99 118 10 17 137 171 70 38 100 5 165 192 8 177 40 140 43 24 81 62 194 86 12 54 22 83 108 180 44 45 58 136 182 143 23 183 21 133 197 18 42 78 111 135 168 172 185 158 189 169 27 116 148 46 37 121 132 129 164 2 157 32 170 68 84 3 179 126 190 75 195 196 88 61 163 122 15 117 16 167 147 65 125 186 49 184 66 166 200 191 104 134 20 95 101 112 41 91 98 142 145 174 6 77 115 82 107 155 69 48 123 55 90 30 63 105 7 161 152 162 80 96 35 56 114
40 70 38 100 5 165 192 8 177 10 118 99 33 188 75 181 52 51 103 65 125 186 49 184 66 166 93 14 141 53 138 110 34 144 173 29 11 149 9 1 119 67 79 127 64 80 96 35 56 114 126 43 24 81 62 194 140 86 12 54 22 83 108 180 44 45 58 136 182 143 23 183 21 133 197 18 42 78 111 135 168 172 185 158 189 169 27 116 148 46 37 121 132 129 164 2 157 32 170 68 84 3 179 161 152 162 104 134 20 95 101 112 41 91 98 142 145 174 6 77 115 82 107 155 69 48 123 55 90 30 63 105 7 36 97 153 200 191 196 88 61 163 122 15 117 16 167 147 195 190 17 137 171
97 36 9 1 119 67 79 127 64 80 96 35 56 114 126 43 24 81 62 194 140 118 10 17 137 171 70 38 100 5 165 192 8 177 40 99 33 188 75 181 52 51 103 65 125 186 49 184 66 166 93 14 141 53 138 110 34 144 173 29 11 149 153 200 191 196 88 61 163 122 15 117 16 167 147 195 190 86 12 54 22 83 108 180 44 45 58 136 182 143 23 183 21 133 197 18 42 78 111 135 168 172 185 158 189 169 27 116 148 46 37 121 132 129 164 2 157 32 170 68 84 3 179 161 152 162 104 134 20 95 101 112 41 91 98 142 145 174 6 77 115 82 107 155 69 48 123 55 90 30 63 105 7
119 67 1 9 79 127 64 80 96 35 56 114 126 43 24 81 62 194 140 118 10 17 137 171 70 38 100 5 165 192 8 177 40 99 33 188 75 181 52 51 103 65 125 186 49 184 66 166 93 14 141 53 138 110 34 144 173 29 11 149 153 200 191 196 88 61 163 122 15 117 16 167 147 195 190 86 12 54 22 83 108 180 44 45 58 136 182 143 23 183 21 133 197 18 42 78 111 135 168 172 185 158 189 169 27 116 148 46 37 121 132 129 164 2 157 32 170 68 84 3 179 161 152 162 104 134 20 95 101 112 41 91 98 142 145 174 6 77 115 82 107 155 69 48 123 55 90 30 63 105 7 36 97
196 88 61 163 122 15 117 16 167 147 52 51 103 65 125 186 49 184 66 166 93 14 141 53 138 110 34 144 173 29 11 149 9 1 119 67 79 127 64 80 96 35 56 114 126 43 24 81 62 194 140 118 10 17 137 171 70 38 100 5 165 192 8 177 40 99 33 188 75 181 195 190 86 12 54 22 83 108 180 44 45 58 136 182 143 23 183 21 133 197 18 42 78 111 135 168 172 185 158 189 169 27 116 148 46 37 121 132 129 164 2 157 32 170 68 84 3 179 161 152 162 104 134 20 95 101 112 41 91 98 142 145 174 6 77 115 82 107 155 69 48 123 55 90 30 63 105 7 36 97 153 200 191
88 61 196 163 122 15 117 16 167 147 52 51 103 65 125 186 49 184 66 166 93 14 141 53 138 110 34 144 173 29 11 149 9 1 119 67 79 127 64 80 96 35 56 114 126 43 24 81 62 194 140 118 10 17 137 171 70 38 100 5 165 192 8 177 40 99 33 188 75 181 195 190 86 12 54 22 83 108 180 44 45 58 136 182 143 23 183 21 133 197 18 42 78 111 135 168 172 185 158 189 169 27 116 148 46 37 121 132 129 164 2 157 32 170 68 84 3 179 161 152 162 104 134 20 95 101 112 41 91 98 142 145 174 6 77 115 82 107 155 69 48 123 55 90 30 63 105 7 36 97 153 200 191
49 186 66 166 65 103 52 51 181 188 33 99 118 10 17 137 171 70 38 100 5 165 192 8 177 40 140 43 24 81 62 194 86 12 54 22 83 108 180 44 45 58 136 182 143 23 183 21 133 197 18 42 78 111 135 168 172 185 158 189 169 27 116 148 46 37 121 132 129 164 2 157 32 170 68 84 3 179 126 127 64 80 96 35 56 114 79 9 1 119 67 36 97 149 153 173 29 11 138 110 34 144 141 53 93 14 200 191 104 134 20 95 101 112 41 91 98 142 145 174 6 77 115 82 107 155 69 48 123 55 90 30 63 105 7 161 152 162 190 75 195 196 88 61 163 122 15 117 16 167 147 125 184
86 12 54 22 83 108 180 44 45 58 136 182 143 23 183 21 133 197 18 42 78 111 135 168 172 185 43 24 81 62 194 140 118 10 17 137 171 70 38 100 5 165 192 8 177 40 99 33 188 75 181 52 51 103 65 125 186 49 184 66 166 93 14 141 53 138 110 34 144 173 29 11 149 9 1 119 67 79 127 64 80 96 35 56 114 126 161 152 162 104 134 20 95 101 112 41 91 98 142 145 174 6 77 115 82 107 155 69 48 123 55 90 30 63 105 7 36 97 153 200 191 196 88 61 163 122 15 117 16 167 147 195 190 158 189 169 27 116 148 46 37 121 132 129 164 2 157 32 170 68 84 3 179
19 59 102 71 25 113 178 187 4 94 47 72 146 139 154 57 31 150 159 130 131 160 128 50 76 89 176 74 28 60 92 175 120 87 106 13 109 26 156 85 39 151 199 124 193 198 73
39 85 156 124 72 47 94 4 187 178 113 102 59 19 73 71 25 198 193 146 139 154 57 31 150 159 130 131 160 128 50 76 89 176 74 28 60 92 175 120 87 106 13 109 26 151 199
192 8 177 38 70 40 10 118 99 33 188 75 181 52 51 103 65 125 186 49 184 66 166 93 14 141 53 138 110 34 144 173 29 11 149 9 1 119 67 79 127 64 80 96 35 56 114 126 43 24 81 62 194 140 86 12 54 22 83 108 180 44 45 58 136 182 143 23 183 21 133 197 18 42 78 111 135 168 172 185 158 189 169 27 116 148 46 37 121 132 129 164 2 157 32 170 68 84 3 179 161 152 162 104 134 20 95 101 112 41 91 98 142 145 174 6 77 115 82 107 155 69 48 123 55 90 30 63 105 7 36 97 153 200 191 196 88 61 163 122 15 117 16 167 147 195 190 17 137 171 100 5 165
149 9 1 119 67 79 127 64 80 96 35 56 114 126 43 24 81 62 194 140 118 10 17 137 171 70 38 100 5 165 192 8 177 40 99 33 188 75 181 52 51 103 65 125 186 49 184 66 166 93 14 141 53 138 110 34 144 173 29 11 200 191 196 88 61 163 122 15 117 16 167 147 195 190 86 12 54 22 83 108 180 44 45 58 136 182 143 23 183 21 133 197 18 42 78 111 135 168 172 185 158 189 169 27 116 148 46 37 121 132 129 164 2 157 32 170 68 84 3 179 161 152 162 104 134 20 95 101 112 41 91 98 142 145 174 6 77 115 82 107 155 69 48 123 55 90 30 63 105 7 36 97 153
96 35 56 114 80 64 127 79 9 1 119 67 36 97 149 153 173 29 11 138 110 34 144 141 53 93 14 103 52 51 181 188 33 99 118 10 17 137 171 70 38 100 5 165 192 8 177 40 140 43 24 81 62 194 86 12 54 22 83 108 180 44 45 58 136 182 143 23 183 21 133 197 18 42 78 111 135 168 172 185 158 189 169 27 116 148 46 37 121 132 129 164 2 157 32 170 68 84 3 179 126 190 75 195 196 88 61 163 122 15 117 16 167 147 65 125 186 49 184 66 166 200 191 104 134 20 95 101 112 41 91 98 142 145 174 6 77 115 82 107 155 69 48 123 55 90 30 63 105 7 161 152 162
87 57 31 150 159 130 131 160 128 50 76 89 176 74 28 60 92 175 120 72 47 94 4 187 178 113 102 59 19 73 71 25 198 193 146 139 154 106 13 109 26 156 85 39 151 199 124
6 174 107 145 91 41 112 101 95 20 134 104 79 9 1 119 67 36 97 149 153 173 29 11 138 110 34 144 141 53 93 14 103 52 51 181 188 33 99 118 10 17 137 171 70 38 100 5 165 192 8 177 40 140 43 24 81 62 194 86 12 54 22 83 108 180 44 45 58 136 182 143 23 183 21 133 197 18 42 78 111 135 168 172 185 158 189 169 27 116 148 46 37 121 132 129 164 2 157 32 170 68 84 3 179 126 127 64 80 96 35 56 114 161 152 162 190 75 195 196 88 61 163 122 15 117 16 167 147 65 125 186 49 184 66 166 200 191 155 69 48 123 55 90 30 63 105 7 98 142 77 115 82
132 121 37 46 148 27 169 68 84 3 179 86 12 54 22 83 108 180 44 45 58 136 182 143 23 183 21 133 197 18 42 78 111 135 168 172 185 43 24 81 62 194 140 118 10 17 137 171 70 38 100 5 165 192 8 177 40 99 33 188 75 181 52 51 103 65 125 186 49 184 66 166 93 14 141 53 138 110 34 144 173 29 11 149 9 1 119 67 79 127 64 80 96 35 56 114 126 161 152 162 104 134 20 95 101 112 41 91 98 142 145 174 6 77 115 82 107 155 69 48 123 55 90 30 63 105 7 36 97 153 200 191 196 88 61 163 122 15 117 16 167 147 195 190 158 189 116 170 164 2 157 32 129
76 128 50 89 160 159 130 131 150 57 31 87 154 146 72 47 94 4 187 178 113 102 59 19 73 71 25 198 193 106 13 109 26 120 175 74 28 60 92 156 85 39 151 199 124 139 176
24 43 140 118 10 17 137 171 70 38 100 5 165 192 8 177 40 99 33 188 75 181 52 51 103 65 125 186 49 184 66 166 93 14 141 53 138 110 34 144 173 29 11 149 9 1 119 67 79 127 64 80 96 35 56 114 126 161 152 162 104 134 20 95 101 112 41 91 98 142 145 174 6 77 115 82 107 155 69 48 123 55 90 30 63 105 7 36 97 153 200 191 196 88 61 163 122 15 117 16 167 147 195 190 86 12 54 22 83 108 180 44 45 58 136 182 143 23 183 21 133 197 18 42 78 111 135 168 172 185 158 189 169 27 116 148 46 37 121 132 129 164 2 157 32 170 68 84 3 179 81 62 194
74 28 60 92 175 120 72 47 94 4 187 178 113 102 59 19 73 71 25 198 193 146 139 154 57 31 150 159 130 131 160 128 50 76 89 176 87 106 13 109 26 156 85 39 151 199 124
34 110 138 173 29 11 149 9 1 119 67 79 127 64 80 96 35 56 114 126 43 24 81 62 194 140 118 10 17 137 171 70 38 100 5 165 192 8 177 40 99 33 188 75 181 52 51 103 65 125 186 49 184 66 166 93 14 141 53 196 88 61 163 122 15 117 16 167 147 195 190 86 12 54 22 83 108 180 44 45 58 136 182 143 23 183 21 133 197 18 42 78 111 135 168 172 185 158 189 169 27 116 148 46 37 121 132 129 164 2 157 32 170 68 84 3 179 161 152 162 104 134 20 95 101 112 41 91 98 142 145 174 6 77 115 82 107 155 69 48 123 55 90 30 63 105 7 36 97 153 200 191 144
166 186 49 184 66 65 103 52 51 181 188 33 99 118 10 17 137 171 70 38 100 5 165 192 8 177 40 140 43 24 81 62 194 86 12 54 22 83 108 180 44 45 58 136 182 143 23 183 21 133 197 18 42 78 111 135 168 172 185 158 189 169 27 116 148 46 37 121 132 129 164 2 157 32 170 68 84 3 179 126 127 64 80 96 35 56 114 79 9 1 119 67 36 97 149 153 173 29 11 138 110 34 144 141 53 93 14 200 191 104 134 20 95 101 112 41 91 98 142 145 174 6 77 115 82 107 155 69 48 123 55 90 30 63 105 7 161 152 162 190 75 195 196 88 61 163 122 15 117 16 167 147 125
170 148 46 37 121 132 129 164 2 157 32 27 169 68 84 3 179 86 12 54 22 83 108 180 44 45 58 136 182 143 23 183 21 133 197 18 42 78 111 135 168 172 185 43 24 81 62 194 140 118 10 17 137 171 70 38 100 5 165 192 8 177 40 99 33 188 75 181 52 51 103 65 125 186 49 184 66 166 93 14 141 53 138 110 34 144 173 29 11 149 9 1 119 67 79 127 64 80 96 35 56 114 126 161 152 162 104 134 20 95 101 112 41 91 98 142 145 174 6 77 115 82 107 155 69 48 123 55 90 30 63 105 7 36 97 153 200 191 196 88 61 163 122 15 117 16 167 147 195 190 158 189 116
5 100 38 70 40 10 118 99 33 188 75 181 52 51 103 65 125 186 49 184 66 166 93 14 141 53 138 110 34 144 173 29 11 149 9 1 119 67 79 127 64 80 96 35 56 114 126 43 24 81 62 194 140 86 12 54 22 83 108 180 44 45 58 136 182 143 23 183 21 133 197 18 42 78 111 135 168 172 185 158 189 169 27 116 148 46 37 121 132 129 164 2 157 32 170 68 84 3 179 161 152 162 104 134 20 95 101 112 41 91 98 142 145 174 6 77 115 82 107 155 69 48 123 55 90 30 63 105 7 36 97 153 200 191 196 88 61 163 122 15 117 16 167 147 195 190 17 137 171 192 8 177 165
111 78 42 18 197 183 21 133 54 22 83 108 180 44 45 58 136 182 143 23 12 86 43 24 81 62 194 140 118 10 17 137 171 70 38 100 5 165 192 8 177 40 99 33 188 75 181 52 51 103 65 125 186 49 184 66 166 93 14 141 53 138 110 34 144 173 29 11 149 9 1 119 67 79 127 64 80 96 35 56 114 126 161 152 162 104 134 20 95 101 112 41 91 98 142 145 174 6 77 115 82 107 155 69 48 123 55 90 30 63 105 7 36 97 153 200 191 196 88 61 163 122 15 117 16 167 147 195 190 158 189 169 27 116 148 46 37 121 132 129 164 2 157 32 170 68 84 3 179 172 185 135 168
4 94 47 72 146 139 154 57 31 150 159 130 131 160 128 50 76 89 176 74 28 60 92 175 120 87 106 13 109 26 156 85 39 151 199 124 193 187 178 113 102 59 19 73 71 25 198
104 79 9 1 119 67 36 97 149 153 173 29 11 138 110 34 144 141 53 93 14 103 52 51 181 188 33 99 118 10 17 137 171 70 38 100 5 165 192 8 177 40 140 43 24 81 62 194 86 12 54 22 83 108 180 44 45 58 136 182 143 23 183 21 133 197 18 42 78 111 135 168 172 185 158 189 169 27 116 148 46 37 121 132 129 164 2 157 32 170 68 84 3 179 126 127 64 80 96 35 56 114 161 152 162 190 75 195 196 88 61 163 122 15 117 16 167 147 65 125 186 49 184 66 166 200 191 155 69 48 123 55 90 30 63 105 7 134 20 95 101 112 41 91 98 142 145 174 6 77 115 82 107
135 18 197 183 21 133 54 22 83 108 180 44 45 58 136 182 143 23 12 86 43 24 81 62 194 140 118 10 17 137 171 70 38 100 5 165 192 8 177 40 99 33 188 75 181 52 51 103 65 125 186 49 184 66 166 93 14 141 53 138 110 34 144 173 29 11 149 9 1 119 67 79 127 64 80 96 35 56 114 126 161 152 162 104 134 20 95 101 112 41 91 98 142 145 174 6 77 115 82 107 155 69 48 123 55 90 30 63 105 7 36 97 153 200 191 196 88 61 163 122 15 117 16 167 147 195 190 158 189 169 27 116 148 46 37 121 132 129 164 2 157 32 170 68 84 3 179 172 185 42 78 111 168
197 18 42 78 111 135 168 183 21 133 54 22 83 108 180 44 45 58 136 182 143 23 12 86 43 24 81 62 194 140 118 10 17 137 171 70 38 100 5 165 192 8 177 40 99 33 188 75 181 52 51 103 65 125 186 49 184 66 166 93 14 141 53 138 110 34 144 173 29 11 149 9 1 119 67 79 127 64 80 96 35 56 114 126 161 152 162 104 134 20 95 101 112 41 91 98 142 145 174 6 77 115 82 107 155 69 48 123 55 90 30 63 105 7 36 97 153 200 191 196 88 61 163 122 15 117 16 167 147 195 190 158 189 169 27 116 148 46 37 121 132 129 164 2 157 32 170 68 84 3 179 172 185
124 156 85 39 151 199 72 47 94 4 187 178 113 102 59 19 73 71 25 198 193 146 139 154 57 31 150 159 130 131 160 128 50 76 89 176 74 28 60 92 175 120 87 106 13 109 26
27 169 68 84 3 179 86 12 54 22 83 108 180 44 45 58 136 182 143 23 183 21 133 197 18 42 78 111 135 168 172 185 43 24 81 62 194 140 118 10 17 137 171 70 38 100 5 165 192 8 177 40 99 33 188 75 181 52 51 103 65 125 186 49 184 66 166 93 14 141 53 138 110 34 144 173 29 11 149 9 1 119 67 79 127 64 80 96 35 56 114 126 161 152 162 104 134 20 95 101 112 41 91 98 142 145 174 6 77 115 82 107 155 69 48 123 55 90 30 63 105 7 36 97 153 200 191 196 88 61 163 122 15 117 16 167 147 195 190 158 189 116 148 46 37 121 132 129 164 2 157 32 170
117 16 167 147 122 15 163 196 88 61 52 51 103 65 125 186 49 184 66 166 93 14 141 53 138 110 34 144 173 29 11 149 9 1 119 67 79 127 64 80 96 35 56 114 126 43 24 81 62 194 140 118 10 17 137 171 70 38 100 5 165 192 8 177 40 99 33 188 75 181 195 190 86 12 54 22 83 108 180 44 45 58 136 182 143 23 183 21 133 197 18 42 78 111 135 168 172 185 158 189 169 27 116 148 46 37 121 132 129 164 2 157 32 170 68 84 3 179 161 152 162 104 134 20 95 101 112 41 91 98 142 145 174 6 77 115 82 107 155 69 48 123 55 90 30 63 105 7 36 97 153 200 191
43 24 81 62 194 140 118 10 17 137 171 70 38 100 5 165 192 8 177 40 99 33 188 75 181 52 51 103 65 125 186 49 184 66 166 93 14 141 53 138 110 34 144 173 29 11 149 9 1 119 67 79 127 64 80 96 35 56 114 126 161 152 162 104 134 20 95 101 112 41 91 98 142 145 174 6 77 115 82 107 155 69 48 123 55 90 30 63 105 7 36 97 153 200 191 196 88 61 163 122 15 117 16 167 147 195 190 86 12 54 22 83 108 180 44 45 58 136 182 143 23 183 21 133 197 18 42 78 111 135 168 172 185 158 189 169 27 116 148 46 37 121 132 129 164 2 157 32 170 68 84 3 179
128 50 76 89 160 159 130 131 150 57 31 87 154 146 72 47 94 4 187 178 113 102 59 19 73 71 25 198 193 106 13 109 26 120 175 74 28 60 92 156 85 39 151 199 124 139 176
184 49 186 66 166 65 103 52 51 181 188 33 99 118 10 17 137 171 70 38 100 5 165 192 8 177 40 140 43 24 81 62 194 86 12 54 22 83 108 180 44 45 58 136 182 143 23 183 21 133 197 18 42 78 111 135 168 172 185 158 189 169 27 116 148 46 37 121 132 129 164 2 157 32 170 68 84 3 179 126 127 64 80 96 35 56 114 79 9 1 119 67 36 97 149 153 173 29 11 138 110 34 144 141 53 93 14 200 191 104 134 20 95 101 112 41 91 98 142 145 174 6 77 115 82 107 155 69 48 123 55 90 30 63 105 7 161 152 162 190 75 195 196 88 61 163 122 15 117 16 167 147 125
103 52 51 181 188 33 99 118 10 17 137 171 70 38 100 5 165 192 8 177 40 140 43 24 81 62 194 86 12 54 22 83 108 180 44 45 58 136 182 143 23 183 21 133 197 18 42 78 111 135 168 172 185 158 189 169 27 116 148 46 37 121 132 129 164 2 157 32 170 68 84 3 179 126 127 64 80 96 35 56 114 79 9 1 119 67 36 97 149 153 173 29 11 138 110 34 144 141 53 93 14 200 191 104 134 20 95 101 112 41 91 98 142 145 174 6 77 115 82 107 155 69 48 123 55 90 30 63 105 7 161 152 162 190 75 195 196 88 61 163 122 15 117 16 167 147 65 125 186 49 184 66 166
37 46 148 27 169 68 84 3 179 86 12 54 22 83 108 180 44 45 58 136 182 143 23 183 21 133 197 18 42 78 111 135 168 172 185 43 24 81 62 194 140 118 10 17 137 171 70 38 100 5 165 192 8 177 40 99 33 188 75 181 52 51 103 65 125 186 49 184 66 166 93 14 141 53 138 110 34 144 173 29 11 149 9 1 119 67 79 127 64 80 96 35 56 114 126 161 152 162 104 134 20 95 101 112 41 91 98 142 145 174 6 77 115 82 107 155 69 48 123 55 90 30 63 105 7 36 97 153 200 191 196 88 61 163 122 15 117 16 167 147 195 190 158 189 116 170 164 2 157 32 121 132 129
33 188 75 181 52 51 103 65 125 186 49 184 66 166 93 14 141 53 138 110 34 144 173 29 11 149 9 1 119 67 79 127 64 80 96 35 56 114 126 43 24 81 62 194 140 118 10 17 137 171 70 38 100 5 165 192 8 177 40 99 86 12 54 22 83 108 180 44 45 58 136 182 143 23 183 21 133 197 18 42 78 111 135 168 172 185 158 189 169 27 116 148 46 37 121 132 129 164 2 157 32 170 68 84 3 179 161 152 162 104 134 20 95 101 112 41 91 98 142 145 174 6 77 115 82 107 155 69 48 123 55 90 30 63 105 7 36 97 153 200 191 196 88 61 163 122 15 117 16 167 147 195 190
98 91 41 112 101 95 20 134 104 79 9 1 119 67 36 97 149 153 173 29 11 138 110 34 144 141 53 93 14 103 52 51 181 188 33 99 118 10 17 137 171 70 38 100 5 165 192 8 177 40 140 43 24 81 62 194 86 12 54 22 83 108 180 44 45 58 136 182 143 23 183 21 133 197 18 42 78 111 135 168 172 185 158 189 169 27 116 148 46 37 121 132 129 164 2 157 32 170 68 84 3 179 126 127 64 80 96 35 56 114 161 152 162 190 75 195 196 88 61 163 122 15 117 16 167 147 65 125 186 49 184 66 166 200 191 155 69 48 123 55 90 30 63 105 7 142 145 174 6 77 115 82 107
144 110 34 138 173 29 11 149 9 1 119 67 79 127 64 80 96 35 56 114 126 43 24 81 62 194 140 118 10 17 137 171 70 38 100 5 165 192 8 177 40 99 33 188 75 181 52 51 103 65 125 186 49 184 66 166 93 14 141 53 196 88 61 163 122 15 117 16 167 147 195 190 86 12 54 22 83 108 180 44 45 58 136 182 143 23 183 21 133 197 18 42 78 111 135 168 172 185 158 189 169 27 116 148 46 37 121 132 129 164 2 157 32 170 68 84 3 179 161 152 162 104 134 20 95 101 112 41 91 98 142 145 174 6 77 115 82 107 155 69 48 123 55 90 30 63 105 7 36 97 153 200 191
122 15 117 16 167 147 163 196 88 61 52 51 103 65 125 186 49 184 66 166 93 14 141 53 138 110 34 144 173 29 11 149 9 1 119 67 79 127 64 80 96 35 56 114 126 43 24 81 62 194 140 118 10 17 137 171 70 38 100 5 165 192 8 177 40 99 33 188 75 181 195 190 86 12 54 22 83 108 180 44 45 58 136 182 143 23 183 21 133 197 18 42 78 111 135 168 172 185 158 189 169 27 116 148 46 37 121 132 129 164 2 157 32 170 68 84 3 179 161 152 162 104 134 20 95 101 112 41 91 98 142 145 174 6 77 115 82 107 155 69 48 123 55 90 30 63 105 7 36 97 153 200 191
194 24 43 140 118 10 17 137 171 70 38 100 5 165 192 8 177 40 99 33 188 75 181 52 51 103 65 125 186 49 184 66 166 93 14 141 53 138 110 34 144 173 29 11 149 9 1 119 67 79 127 64 80 96 35 56 114 126 161 152 162 104 134 20 95 101 112 41 91 98 142 145 174 6 77 115 82 107 155 69 48 123 55 90 30 63 105 7 36 97 153 200 191 196 88 61 163 122 15 117 16 167 147 195 190 86 12 54 22 83 108 180 44 45 58 136 182 143 23 183 21 133 197 18 42 78 111 135 168 172 185 158 189 169 27 116 148 46 37 121 132 129 164 2 157 32 170 68 84 3 179 81 62
116 27 169 68 84 3 179 86 12 54 22 83 108 180 44 45 58 136 182 143 23 183 21 133 197 18 42 78 111 135 168 172 185 43 24 81 62 194 140 118 10 17 137 171 70 38 100 5 165 192 8 177 40 99 33 188 75 181 52 51 103 65 125 186 49 184 66 166 93 14 141 53 138 110 34 144 173 29 11 149 9 1 119 67 79 127 64 80 96 35 56 114 126 161 152 162 104 134 20 95 101 112 41 91 98 142 145 174 6 77 115 82 107 155 69 48 123 55 90 30 63 105 7 36 97 153 200 191 196 88 61 163 122 15 117 16 167 147 195 190 158 189 148 46 37 121 132 129 164 2 157 32 170
75 188 33 99 118 10 17 137 171 70 38 100 5 165 192 8 177 40 140 43 24 81 62 194 86 12 54 22 83 108 180 44 45 58 136 182 143 23 183 21 133 197 18 42 78 111 135 168 172 185 158 189 169 27 116 148 46 37 121 132 129 164 2 157 32 170 68 84 3 179 126 127 64 80 96 35 56 114 79 9 1 119 67 36 97 149 153 173 29 11 138 110 34 144 141 53 93 14 103 52 51 181 196 88 61 163 122 15 117 16 167 147 65 125 186 49 184 66 166 200 191 104 134 20 95 101 112 41 91 98 142 145 174 6 77 115 82 107 155 69 48 123 55 90 30 63 105 7 161 152 162 190 195
168 135 18 197 183 21 133 54 22 83 108 180 44 45 58 136 182 143 23 12 86 43 24 81 62 194 140 118 10 17 137 171 70 38 100 5 165 192 8 177 40 99 33 188 75 181 52 51 103 65 125 186 49 184 66 166 93 14 141 53 138 110 34 144 173 29 11 149 9 1 119 67 79 127 64 80 96 35 56 114 126 161 152 162 104 134 20 95 101 112 41 91 98 142 145 174 6 77 115 82 107 155 69 48 123 55 90 30 63 105 7 36 97 153 200 191 196 88 61 163 122 15 117 16 167 147 195 190 158 189 169 27 116 148 46 37 121 132 129 164 2 157 32 170 68 84 3 179 172 185 42 78 111
130 159 131 150 57 31 87 154 146 72 47 94 4 187 178 113 102 59 19 73 71 25 198 193 106 13 109 26 120 175 74 28 60 92 160 128 50 76 89 176 156 85 39 151 199 124 139
106 13 72 47 94 4 187 178 113 102 59 19 73 71 25 198 193 146 139 154 57 31 150 159 130 131 160 128 50 76 89 176 74 28 60 92 175 120 87 109 26 156 85 39 151 199 124
185 172 12 86 43 24 81 62 194 140 118 10 17 137 171 70 38 100 5 165 192 8 177 40 99 33 188 75 181 52 51 103 65 125 186 49 184 66 166 93 14 141 53 138 110 34 144 173 29 11 149 9 1 119 67 79 127 64 80 96 35 56 114 126 161 152 162 104 134 20 95 101 112 41 91 98 142 145 174 6 77 115 82 107 155 69 48 123 55 90 30 63 105 7 36 97 153 200 191 196 88 61 163 122 15 117 16 167 147 195 190 158 189 169 27 116 148 46 37 121 132 129 164 2 157 32 170 68 84 3 179 54 22 83 108 180 44 45 58 136 182 143 23 183 21 133 197 18 42 78 111 135 168
123 55 48 69 155 90 30 63 105 7 79 9 1 119 67 36 97 149 153 173 29 11 138 110 34 144 141 53 93 14 103 52 51 181 188 33 99 118 10 17 137 171 70 38 100 5 165 192 8 177 40 140 43 24 81 62 194 86 12 54 22 83 108 180 44 45 58 136 182 143 23 183 21 133 197 18 42 78 111 135 168 172 185 158 189 169 27 116 148 46 37 121 132 129 164 2 157 32 170 68 84 3 179 126 127 64 80 96 35 56 114 161 152 162 190 75 195 196 88 61 163 122 15 117 16 167 147 65 125 186 49 184 66 166 200 191 104 134 20 95 101 112 41 91 98 142 145 174 6 77 115 82 107
91 41 112 101 95 20 134 104 79 9 1 119 67 36 97 149 153 173 29 11 138 110 34 144 141 53 93 14 103 52 51 181 188 33 99 118 10 17 137 171 70 38 100 5 165 192 8 177 40 140 43 24 81 62 194 86 12 54 22 83 108 180 44 45 58 136 182 143 23 183 21 133 197 18 42 78 111 135 168 172 185 158 189 169 27 116 148 46 37 121 132 129 164 2 157 32 170 68 84 3 179 126 127 64 80 96 35 56 114 161 152 162 190 75 195 196 88 61 163 122 15 117 16 167 147 65 125 186 49 184 66 166 200 191 155 69 48 123 55 90 30 63 105 7 98 142 145 174 6 77 115 82 107
114 56 96 35 80 64 127 79 9 1 119 67 36 97 149 153 173 29 11 138 110 34 144 141 53 93 14 103 52 51 181 188 33 99 118 10 17 137 171 70 38 100 5 165 192 8 177 40 140 43 24 81 62 194 86 12 54 22 83 108 180 44 45 58 136 182 143 23 183 21 133 197 18 42 78 111 135 168 172 185 158 189 169 27 116 148 46 37 121 132 129 164 2 157 32 170 68 84 3 179 126 190 75 195 196 88 61 163 122 15 117 16 167 147 65 125 186 49 184 66 166 200 191 104 134 20 95 101 112 41 91 98 142 145 174 6 77 115 82 107 155 69 48 123 55 90 30 63 105 7 161 152 162
193 47 72 146 139 154 57 31 150 159 130 131 160 128 50 76 89 176 74 28 60 92 175 120 87 106 13 109 26 156 85 39 151 199 124 94 4 187 178 113 102 59 19 73 71 25 198
67 119 1 9 79 127 64 80 96 35 56 114 126 43 24 81 62 194 140 118 10 17 137 171 70 38 100 5 165 192 8 177 40 99 33 188 75 181 52 51 103 65 125 186 49 184 66 166 93 14 141 53 138 110 34 144 173 29 11 149 153 200 191 196 88 61 163 122 15 117 16 167 147 195 190 86 12 54 22 83 108 180 44 45 58 136 182 143 23 183 21 133 197 18 42 78 111 135 168 172 185 158 189 169 27 116 148 46 37 121 132 129 164 2 157 32 170 68 84 3 179 161 152 162 104 134 20 95 101 112 41 91 98 142 145 174 6 77 115 82 107 155 69 48 123 55 90 30 63 105 7 36 97
79 9 1 119 67 36 97 149 153 173 29 11 138 110 34 144 141 53 93 14 103 52 51 181 188 33 99 118 10 17 137 171 70 38 100 5 165 192 8 177 40 140 43 24 81 62 194 86 12 54 22 83 108 180 44 45 58 136 182 143 23 183 21 133 197 18 42 78 111 135 168 172 185 158 189 169 27 116 148 46 37 121 132 129 164 2 157 32 170 68 84 3 179 126 127 64 80 96 35 56 114 161 152 162 190 75 195 196 88 61 163 122 15 117 16 167 147 65 125 186 49 184 66 166 200 191 104 134 20 95 101 112 41 91 98 142 145 174 6 77 115 82 107 155 69 48 123 55 90 30 63 105 7
191 200 138 110 34 144 173 29 11 149 9 1 119 67 79 127 64 80 96 35 56 114 126 43 24 81 62 194 140 118 10 17 137 171 70 38 100 5 165 192 8 177 40 99 33 188 75 181 52 51 103 65 125 186 49 184 66 166 93 14 141 53 196 88 61 163 122 15 117 16 167 147 195 190 86 12 54 22 83 108 180 44 45 58 136 182 143 23 183 21 133 197 18 42 78 111 135 168 172 185 158 189 169 27 116 148 46 37 121 132 129 164 2 157 32 170 68 84 3 179 161 152 162 104 134 20 95 101 112 41 91 98 142 145 174 6 77 115 82 107 155 69 48 123 55 90 30 63 105 7 36 97 153
200 191 138 110 34 144 173 29 11 149 9 1 119 67 79 127 64 80 96 35 56 114 126 43 24 81 62 194 140 118 10 17 137 171 70 38 100 5 165 192 8 177 40 99 33 188 75 181 52 51 103 65 125 186 49 184 66 166 93 14 141 53 196 88 61 163 122 15 117 16 167 147 195 190 86 12 54 22 83 108 180 44 45 58 136 182 143 23 183 21 133 197 18 42 78 111 135 168 172 185 158 189 169 27 116 148 46 37 121 132 129 164 2 157 32 170 68 84 3 179 161 152 162 104 134 20 95 101 112 41 91 98 142 145 174 6 77 115 82 107 155 69 48 123 55 90 30 63 105 7 36 97 153
151 39 85 156 124 72 47 94 4 187 178 113 102 59 19 73 71 25 198 193 146 139 154 57 31 150 159 130 131 160 128 50 76 89 176 74 28 60 92 175 120 87 106 13 109 26 199
54 22 83 108 180 44 45 58 136 182 143 23 12 86 43 24 81 62 194 140 118 10 17 137 171 70 38 100 5 165 192 8 177 40 99 33 188 75 181 52 51 103 65 125 186 49 184 66 166 93 14 141 53 138 110 34 144 173 29 11 149 9 1 119 67 79 127 64 80 96 35 56 114 126 161 152 162 104 134 20 95 101 112 41 91 98 142 145 174 6 77 115 82 107 155 69 48 123 55 90 30 63 105 7 36 97 153 200 191 196 88 61 163 122 15 117 16 167 147 195 190 158 189 169 27 116 148 46 37 121 132 129 164 2 157 32 170 68 84 3 179 172 185 183 21 133 197 18 42 78 111 135 168
159 130 131 150 57 31 87 154 146 72 47 94 4 187 178 113 102 59 19 73 71 25 198 193 106 13 109 26 120 175 74 28 60 92 160 128 50 76 89 176 156 85 39 151 199 124 139
89 128 50 76 160 159 130 131 150 57 31 87 154 146 72 47 94 4 187 178 113 102 59 19 73 71 25 198 193 106 13 109 26 120 175 74 28 60 92 156 85 39 151 199 124 139 176
171 17 10 118 99 33 188 75 181 52 51 103 65 125 186 49 184 66 166 93 14 141 53 138 110 34 144 173 29 11 149 9 1 119 67 79 127 64 80 96 35 56 114 126 43 24 81 62 194 140 86 12 54 22 83 108 180 44 45 58 136 182 143 23 183 21 133 197 18 42 78 111 135 168 172 185 158 189 169 27 116 148 46 37 121 132 129 164 2 157 32 170 68 84 3 179 161 152 162 104 134 20 95 101 112 41 91 98 142 145 174 6 77 115 82 107 155 69 48 123 55 90 30 63 105 7 36 97 153 200 191 196 88 61 163 122 15 117 16 167 147 195 190 70 38 100 5 165 192 8 177 40 137
57 31 150 159 130 131 160 128 50 76 89 176 74 28 60 92 175 120 72 47 94 4 187 178 113 102 59 19 73 71 25 198 193 146 139 154 106 13 109 26 156 85 39 151 199 124 87
105 7 90 30 63 155 69 48 123 55 79 9 1 119 67 36 97 149 153 173 29 11 138 110 34 144 141 53 93 14 103 52 51 181 188 33 99 118 10 17 137 171 70 38 100 5 165 192 8 177 40 140 43 24 81 62 194 86 12 54 22 83 108 180 44 45 58 136 182 143 23 183 21 133 197 18 42 78 111 135 168 172 185 158 189 169 27 116 148 46 37 121 132 129 164 2 157 32 170 68 84 3 179 126 127 64 80 96 35 56 114 161 152 162 190 75 195 196 88 61 163 122 15 117 16 167 147 65 125 186 49 184 66 166 200 191 104 134 20 95 101 112 41 91 98 142 145 174 6 77 115 82 107
46 37 121 132 129 148 27 169 68 84 3 179 86 12 54 22 83 108 180 44 45 58 136 182 143 23 183 21 133 197 18 42 78 111 135 168 172 185 43 24 81 62 194 140 118 10 17 137 171 70 38 100 5 165 192 8 177 40 99 33 188 75 181 52 51 103 65 125 186 49 184 66 166 93 14 141 53 138 110 34 144 173 29 11 149 9 1 119 67 79 127 64 80 96 35 56 114 126 161 152 162 104 134 20 95 101 112 41 91 98 142 145 174 6 77 115 82 107 155 69 48 123 55 90 30 63 105 7 36 97 153 200 191 196 88 61 163 122 15 117 16 167 147 195 190 158 189 116 170 164 2 157 32
101 95 20 134 104 79 9 1 119 67 36 97 149 153 173 29 11 138 110 34 144 141 53 93 14 103 52 51 181 188 33 99 118 10 17 137 171 70 38 100 5 165 192 8 177 40 140 43 24 81 62 194 86 12 54 22 83 108 180 44 45 58 136 182 143 23 183 21 133 197 18 42 78 111 135 168 172 185 158 189 169 27 116 148 46 37 121 132 129 164 2 157 32 170 68 84 3 179 126 127 64 80 96 35 56 114 161 152 162 190 75 195 196 88 61 163 122 15 117 16 167 147 65 125 186 49 184 66 166 200 191 155 69 48 123 55 90 30 63 105 7 112 41 91 98 142 145 174 6 77 115 82 107
32 164 2 157 46 37 121 132 129 148 27 169 68 84 3 179 86 12 54 22 83 108 180 44 45 58 136 182 143 23 183 21 133 197 18 42 78 111 135 168 172 185 43 24 81 62 194 140 118 10 17 137 171 70 38 100 5 165 192 8 177 40 99 33 188 75 181 52 51 103 65 125 186 49 184 66 166 93 14 141 53 138 110 34 144 173 29 11 149 9 1 119 67 79 127 64 80 96 35 56 114 126 161 152 162 104 134 20 95 101 112 41 91 98 142 145 174 6 77 115 82 107 155 69 48 123 55 90 30 63 105 7 36 97 153 200 191 196 88 61 163 122 15 117 16 167 147 195 190 158 189 116 170
158 86 12 54 22 83 108 180 44 45 58 136 182 143 23 183 21 133 197 18 42 78 111 135 168 172 185 43 24 81 62 194 140 118 10 17 137 171 70 38 100 5 165 192 8 177 40 99 33 188 75 181 52 51 103 65 125 186 49 184 66 166 93 14 141 53 138 110 34 144 173 29 11 149 9 1 119 67 79 127 64 80 96 35 56 114 126 161 152 162 104 134 20 95 101 112 41 91 98 142 145 174 6 77 115 82 107 155 69 48 123 55 90 30 63 105 7 36 97 153 200 191 196 88 61 163 122 15 117 16 167 147 195 190 169 27 116 148 46 37 121 132 129 164 2 157 32 170 68 84 3 179 189
53 141 93 14 103 52 51 181 188 33 99 118 10 17 137 171 70 38 100 5 165 192 8 177 40 140 43 24 81 62 194 86 12 54 22 83 108 180 44 45 58 136 182 143 23 183 21 133 197 18 42 78 111 135 168 172 185 158 189 169 27 116 148 46 37 121 132 129 164 2 157 32 170 68 84 3 179 126 127 64 80 96 35 56 114 79 9 1 119 67 36 97 149 153 173 29 11 138 110 34 144 200 191 104 134 20 95 101 112 41 91 98 142 145 174 6 77 115 82 107 155 69 48 123 55 90 30 63 105 7 161 152 162 190 75 195 196 88 61 163 122 15 117 16 167 147 65 125 186 49 184 66 166
23 143 182 180 44 45 58 136 22 54 12 86 43 24 81 62 194 140 118 10 17 137 171 70 38 100 5 165 192 8 177 40 99 33 188 75 181 52 51 103 65 125 186 49 184 66 166 93 14 141 53 138 110 34 144 173 29 11 149 9 1 119 67 79 127 64 80 96 35 56 114 126 161 152 162 104 134 20 95 101 112 41 91 98 142 145 174 6 77 115 82 107 155 69 48 123 55 90 30 63 105 7 36 97 153 200 191 196 88 61 163 122 15 117 16 167 147 195 190 158 189 169 27 116 148 46 37 121 132 129 164 2 157 32 170 68 84 3 179 172 185 183 21 133 197 18 42 78 111 135 168 83 108
176 128 50 76 89 160 159 130 131 150 57 31 87 154 146 72 47 94 4 187 178 113 102 59 19 73 71 25 198 193 106 13 109 26 120 175 74 28 60 92 156 85 39 151 199 124 139
99 33 188 75 181 52 51 103 65 125 186 49 184 66 166 93 14 141 53 138 110 34 144 173 29 11 149 9 1 119 67 79 127 64 80 96 35 56 114 126 43 24 81 62 194 140 118 10 17 137 171 70 38 100 5 165 192 8 177 40 86 12 54 22 83 108 180 44 45 58 136 182 143 23 183 21 133 197 18 42 78 111 135 168 172 185 158 189 169 27 116 148 46 37 121 132 129 164 2 157 32 170 68 84 3 179 161 152 162 104 134 20 95 101 112 41 91 98 142 145 174 6 77 115 82 107 155 69 48 123 55 90 30 63 105 7 36 97 153 200 191 196 88 61 163 122 15 117 16 167 147 195 190
178 113 102 59 19 73 71 25 187 4 94 47 72 146 139 154 57 31 150 159 130 131 160 128 50 76 89 176 74 28 60 92 175 120 87 106 13 109 26 156 85 39 151 199 124 193 198
10 118 99 33 188 75 181 52 51 103 65 125 186 49 184 66 166 93 14 141 53 138 110 34 144 173 29 11 149 9 1 119 67 79 127 64 80 96 35 56 114 126 43 24 81 62 194 140 86 12 54 22 83 108 180 44 45 58 136 182 143 23 183 21 133 197 18 42 78 111 135 168 172 185 158 189 169 27 116 148 46 37 121 132 129 164 2 157 32 170 68 84 3 179 161 152 162 104 134 20 95 101 112 41 91 98 142 145 174 6 77 115 82 107 155 69 48 123 55 90 30 63 105 7 36 97 153 200 191 196 88 61 163 122 15 117 16 167 147 195 190 17 137 171 70 38 100 5 165 192 8 177 40
90 30 63 155 69 48 123 55 79 9 1 119 67 36 97 149 153 173 29 11 138 110 34 144 141 53 93 14 103 52 51 181 188 33 99 118 10 17 137 171 70 38 100 5 165 192 8 177 40 140 43 24 81 62 194 86 12 54 22 83 108 180 44 45 58 136 182 143 23 183 21 133 197 18 42 78 111 135 168 172 185 158 189 169 27 116 148 46 37 121 132 129 164 2 157 32 170 68 84 3 179 126 127 64 80 96 35 56 114 161 152 162 190 75 195 196 88 61 163 122 15 117 16 167 147 65 125 186 49 184 66 166 200 191 104 134 20 95 101 112 41 91 98 142 145 174 6 77 115 82 107 105 7
153 149 9 1 119 67 79 127 64 80 96 35 56 114 126 43 24 81 62 194 140 118 10 17 137 171 70 38 100 5 165 192 8 177 40 99 33 188 75 181 52 51 103 65 125 186 49 184 66 166 93 14 141 53 138 110 34 144 173 29 11 200 191 196 88 61 163 122 15 117 16 167 147 195 190 86 12 54 22 83 108 180 44 45 58 136 182 143 23 183 21 133 197 18 42 78 111 135 168 172 185 158 189 169 27 116 148 46 37 121 132 129 164 2 157 32 170 68 84 3 179 161 152 162 104 134 20 95 101 112 41 91 98 142 145 174 6 77 115 82 107 155 69 48 123 55 90 30 63 105 7 36 97
8 192 177 38 70 40 10 118 99 33 188 75 181 52 51 103 65 125 186 49 184 66 166 93 14 141 53 138 110 34 144 173 29 11 149 9 1 119 67 79 127 64 80 96 35 56 114 126 43 24 81 62 194 140 86 12 54 22 83 108 180 44 45 58 136 182 143 23 183 21 133 197 18 42 78 111 135 168 172 185 158 189 169 27 116 148 46 37 121 132 129 164 2 157 32 170 68 84 3 179 161 152 162 104 134 20 95 101 112 41 91 98 142 145 174 6 77 115 82 107 155 69 48 123 55 90 30 63 105 7 36 97 153 200 191 196 88 61 163 122 15 117 16 167 147 195 190 17 137 171 100 5 165
118 10 17 137 171 70 38 100 5 165 192 8 177 40 99 33 188 75 181 52 51 103 65 125 186 49 184 66 166 93 14 141 53 138 110 34 144 173 29 11 149 9 1 119 67 79 127 64 80 96 35 56 114 126 43 24 81 62 194 140 86 12 54 22 83 108 180 44 45 58 136 182 143 23 183 21 133 197 18 42 78 111 135 168 172 185 158 189 169 27 116 148 46 37 121 132 129 164 2 157 32 170 68 84 3 179 161 152 162 104 134 20 95 101 112 41 91 98 142 145 174 6 77 115 82 107 155 69 48 123 55 90 30 63 105 7 36 97 153 200 191 196 88 61 163 122 15 117 16 167 147 195 190
30 90 155 69 48 123 55 79 9 1 119 67 36 97 149 153 173 29 11 138 110 34 144 141 53 93 14 103 52 51 181 188 33 99 118 10 17 137 171 70 38 100 5 165 192 8 177 40 140 43 24 81 62 194 86 12 54 22 83 108 180 44 45 58 136 182 143 23 183 21 133 197 18 42 78 111 135 168 172 185 158 189 169 27 116 148 46 37 121 132 129 164 2 157 32 170 68 84 3 179 126 127 64 80 96 35 56 114 161 152 162 190 75 195 196 88 61 163 122 15 117 16 167 147 65 125 186 49 184 66 166 200 191 104 134 20 95 101 112 41 91 98 142 145 174 6 77 115 82 107 105 7 63
156 85 39 151 199 124 72 47 94 4 187 178 113 102 59 19 73 71 25 198 193 146 139 154 57 31 150 159 130 131 160 128 50 76 89 176 74 28 60 92 175 120 87 106 13 109 26
108 83 22 54 12 86 43 24 81 62 194 140 118 10 17 137 171 70 38 100 5 165 192 8 177 40 99 33 188 75 181 52 51 103 65 125 186 49 184 66 166 93 14 141 53 138 110 34 144 173 29 11 149 9 1 119 67 79 127 64 80 96 35 56 114 126 161 152 162 104 134 20 95 101 112 41 91 98 142 145 174 6 77 115 82 107 155 69 48 123 55 90 30 63 105 7 36 97 153 200 191 196 88 61 163 122 15 117 16 167 147 195 190 158 189 169 27 116 148 46 37 121 132 129 164 2 157 32 170 68 84 3 179 172 185 183 21 133 197 18 42 78 111 135 168 180 44 45 58 136 182 143 23
66 186 49 184 166 65 103 52 51 181 188 33 99 118 10 17 137 171 70 38 100 5 165 192 8 177 40 140 43 24 81 62 194 86 12 54 22 83 108 180 44 45 58 136 182 143 23 183 21 133 197 18 42 78 111 135 168 172 185 158 189 169 27 116 148 46 37 121 132 129 164 2 157 32 170 68 84 3 179 126 127 64 80 96 35 56 114 79 9 1 119 67 36 97 149 153 173 29 11 138 110 34 144 141 53 93 14 200 191 104 134 20 95 101 112 41 91 98 142 145 174 6 77 115 82 107 155 69 48 123 55 90 30 63 105 7 161 152 162 190 75 195 196 88 61 163 122 15 117 16 167 147 125
177 192 8 38 70 40 10 118 99 33 188 75 181 52 51 103 65 125 186 49 184 66 166 93 14 141 53 138 110 34 144 173 29 11 149 9 1 119 67 79 127 64 80 96 35 56 114 126 43 24 81 62 194 140 86 12 54 22 83 108 180 44 45 58 136 182 143 23 183 21 133 197 18 42 78 111 135 168 172 185 158 189 169 27 116 148 46 37 121 132 129 164 2 157 32 170 68 84 3 179 161 152 162 104 134 20 95 101 112 41 91 98 142 145 174 6 77 115 82 107 155 69 48 123 55 90 30 63 105 7 36 97 153 200 191 196 88 61 163 122 15 117 16 167 147 195 190 17 137 171 100 5 165
129 37 46 148 27 169 68 84 3 179 86 12 54 22 83 108 180 44 45 58 136 182 143 23 183 21 133 197 18 42 78 111 135 168 172 185 43 24 81 62 194 140 118 10 17 137 171 70 38 100 5 165 192 8 177 40 99 33 188 75 181 52 51 103 65 125 186 49 184 66 166 93 14 141 53 138 110 34 144 173 29 11 149 9 1 119 67 79 127 64 80 96 35 56 114 126 161 152 162 104 134 20 95 101 112 41 91 98 142 145 174 6 77 115 82 107 155 69 48 123 55 90 30 63 105 7 36 97 153 200 191 196 88 61 163 122 15 117 16 167 147 195 190 158 189 116 170 164 2 157 32 121 132
147 167 16 117 122 15 163 196 88 61 52 51 103 65 125 186 49 184 66 166 93 14 141 53 138 110 34 144 173 29 11 149 9 1 119 67 79 127 64 80 96 35 56 114 126 43 24 81 62 194 140 118 10 17 137 171 70 38 100 5 165 192 8 177 40 99 33 188 75 181 195 190 86 12 54 22 83 108 180 44 45 58 136 182 143 23 183 21 133 197 18 42 78 111 135 168 172 185 158 189 169 27 116 148 46 37 121 132 129 164 2 157 32 170 68 84 3 179 161 152 162 104 134 20 95 101 112 41 91 98 142 145 174 6 77 115 82 107 155 69 48 123 55 90 30 63 105 7 36 97 153 200 191
36 9 1 119 67 79 127 64 80 96 35 56 114 126 43 24 81 62 194 140 118 10 17 137 171 70 38 100 5 165 192 8 177 40 99 33 188 75 181 52 51 103 65 125 186 49 184 66 166 93 14 141 53 138 110 34 144 173 29 11 149 153 200 191 196 88 61 163 122 15 117 16 167 147 195 190 86 12 54 22 83 108 180 44 45 58 136 182 143 23 183 21 133 197 18 42 78 111 135 168 172 185 158 189 169 27 116 148 46 37 121 132 129 164 2 157 32 170 68 84 3 179 161 152 162 104 134 20 95 101 112 41 91 98 142 145 174 6 77 115 82 107 155 69 48 123 55 90 30 63 105 7 97
85 39 151 199 156 124 72 47 94 4 187 178 113 102 59 19 73 71 25 198 193 146 139 154 57 31 150 159 130 131 160 128 50 76 89 176 74 28 60 92 175 120 87 106 13 109 26
20 134 104 79 9 1 119 67 36 97 149 153 173 29 11 138 110 34 144 141 53 93 14 103 52 51 181 188 33 99 118 10 17 137 171 70 38 100 5 165 192 8 177 40 140 43 24 81 62 194 86 12 54 22 83 108 180 44 45 58 136 182 143 23 183 21 133 197 18 42 78 111 135 168 172 185 158 189 169 27 116 148 46 37 121 132 129 164 2 157 32 170 68 84 3 179 126 127 64 80 96 35 56 114 161 152 162 190 75 195 196 88 61 163 122 15 117 16 167 147 65 125 186 49 184 66 166 200 191 155 69 48 123 55 90 30 63 105 7 95 101 112 41 91 98 142 145 174 6 77 115 82 107
131 159 130 150 57 31 87 154 146 72 47 94 4 187 178 113 102 59 19 73 71 25 198 193 106 13 109 26 120 175 74 28 60 92 160 128 50 76 89 176 156 85 39 151 199 124 139
163 122 15 117 16 167 147 196 88 61 52 51 103 65 125 186 49 184 66 166 93 14 141 53 138 110 34 144 173 29 11 149 9 1 119 67 79 127 64 80 96 35 56 114 126 43 24 81 62 194 140 118 10 17 137 171 70 38 100 5 165 192 8 177 40 99 33 188 75 181 195 190 86 12 54 22 83 108 180 44 45 58 136 182 143 23 183 21 133 197 18 42 78 111 135 168 172 185 158 189 169 27 116 148 46 37 121 132 129 164 2 157 32 170 68 84 3 179 161 152 162 104 134 20 95 101 112 41 91 98 142 145 174 6 77 115 82 107 155 69 48 123 55 90 30 63 105 7 36 97 153 200 191
31 57 150 159 130 131 160 128 50 76 89 176 74 28 60 92 175 120 72 47 94 4 187 178 113 102 59 19 73 71 25 198 193 146 139 154 106 13 109 26 156 85 39 151 199 124 87
81 62 24 43 140 118 10 17 137 171 70 38 100 5 165 192 8 177 40 99 33 188 75 181 52 51 103 65 125 186 49 184 66 166 93 14 141 53 138 110 34 144 173 29 11 149 9 1 119 67 79 127 64 80 96 35 56 114 126 161 152 162 104 134 20 95 101 112 41 91 98 142 145 174 6 77 115 82 107 155 69 48 123 55 90 30 63 105 7 36 97 153 200 191 196 88 61 163 122 15 117 16 167 147 195 190 86 12 54 22 83 108 180 44 45 58 136 182 143 23 183 21 133 197 18 42 78 111 135 168 172 185 158 189 169 27 116 148 46 37 121 132 129 164 2 157 32 170 68 84 3 179 194
139 146 72 47 94 4 187 178 113 102 59 19 73 71 25 198 193 106 13 109 26 120 175 74 28 60 92 160 128 50 76 89 176 159 130 131 150 57 31 87 154 156 85 39 151 199 124
60 28 74 175 120 72 47 94 4 187 178 113 102 59 19 73 71 25 198 193 146 139 154 57 31 150 159 130 131 160 128 50 76 89 176 87 106 13 109 26 156 85 39 151 199 124 92
113 102 59 19 73 71 25 178 187 4 94 47 72 146 139 154 57 31 150 159 130 131 160 128 50 76 89 176 74 28 60 92 175 120 87 106 13 109 26 156 85 39 151 199 124 193 198
25 71 102 59 19 73 113 178 187 4 94 47 72 146 139 154 57 31 150 159 130 131 160 128 50 76 89 176 74 28 60 92 175 120 87 106 13 109 26 156 85 39 151 199 124 193 198
38 70 40 10 118 99 33 188 75 181 52 51 103 65 125 186 49 184 66 166 93 14 141 53 138 110 34 144 173 29 11 149 9 1 119 67 79 127 64 80 96 35 56 114 126 43 24 81 62 194 140 86 12 54 22 83 108 180 44 45 58 136 182 143 23 183 21 133 197 18 42 78 111 135 168 172 185 158 189 169 27 116 148 46 37 121 132 129 164 2 157 32 170 68 84 3 179 161 152 162 104 134 20 95 101 112 41 91 98 142 145 174 6 77 115 82 107 155 69 48 123 55 90 30 63 105 7 36 97 153 200 191 196 88 61 163 122 15 117 16 167 147 195 190 17 137 171 100 5 165 192 8 177
1 9 79 127 64 80 96 35 56 114 126 43 24 81 62 194 140 118 10 17 137 171 70 38 100 5 165 192 8 177 40 99 33 188 75 181 52 51 103 65 125 186 49 184 66 166 93 14 141 53 138 110 34 144 173 29 11 149 153 200 191 196 88 61 163 122 15 117 16 167 147 195 190 86 12 54 22 83 108 180 44 45 58 136 182 143 23 183 21 133 197 18 42 78 111 135 168 172 185 158 189 169 27 116 148 46 37 121 132 129 164 2 157 32 170 68 84 3 179 161 152 162 104 134 20 95 101 112 41 91 98 142 145 174 6 77 115 82 107 155 69 48 123 55 90 30 63 105 7 36 97 119 67
136 58 180 44 45 22 54 12 86 43 24 81 62 194 140 118 10 17 137 171 70 38 100 5 165 192 8 177 40 99 33 188 75 181 52 51 103 65 125 186 49 184 66 166 93 14 141 53 138 110 34 144 173 29 11 149 9 1 119 67 79 127 64 80 96 35 56 114 126 161 152 162 104 134 20 95 101 112 41 91 98 142 145 174 6 77 115 82 107 155 69 48 123 55 90 30 63 105 7 36 97 153 200 191 196 88 61 163 122 15 117 16 167 147 195 190 158 189 169 27 116 148 46 37 121 132 129 164 2 157 32 170 68 84 3 179 172 185 183 21 133 197 18 42 78 111 135 168 83 108 182 143 23
165 5 100 38 70 40 10 118 99 33 188 75 181 52 51 103 65 125 186 49 184 66 166 93 14 141 53 138 110 34 144 173 29 11 149 9 1 119 67 79 127 64 80 96 35 56 114 126 43 24 81 62 194 140 86 12 54 22 83 108 180 44 45 58 136 182 143 23 183 21 133 197 18 42 78 111 135 168 172 185 158 189 169 27 116 148 46 37 121 132 129 164 2 157 32 170 68 84 3 179 161 152 162 104 134 20 95 101 112 41 91 98 142 145 174 6 77 115 82 107 155 69 48 123 55 90 30 63 105 7 36 97 153 200 191 196 88 61 163 122 15 117 16 167 147 195 190 17 137 171 192 8 177
29 11 173 138 110 34 144 141 53 93 14 103 52 51 181 188 33 99 118 10 17 137 171 70 38 100 5 165 192 8 177 40 140 43 24 81 62 194 86 12 54 22 83 108 180 44 45 58 136 182 143 23 183 21 133 197 18 42 78 111 135 168 172 185 158 189 169 27 116 148 46 37 121 132 129 164 2 157 32 170 68 84 3 179 126 127 64 80 96 35 56 114 79 9 1 119 67 36 97 149 153 104 134 20 95 101 112 41 91 98 142 145 174 6 77 115 82 107 155 69 48 123 55 90 30 63 105 7 161 152 162 190 75 195 196 88 61 163 122 15 117 16 167 147 65 125 186 49 184 66 166 200 191
172 12 86 43 24 81 62 194 140 118 10 17 137 171 70 38 100 5 165 192 8 177 40 99 33 188 75 181 52 51 103 65 125 186 49 184 66 166 93 14 141 53 138 110 34 144 173 29 11 149 9 1 119 67 79 127 64 80 96 35 56 114 126 161 152 162 104 134 20 95 101 112 41 91 98 142 145 174 6 77 115 82 107 155 69 48 123 55 90 30 63 105 7 36 97 153 200 191 196 88 61 163 122 15 117 16 167 147 195 190 158 189 169 27 116 148 46 37 121 132 129 164 2 157 32 170 68 84 3 179 54 22 83 108 180 44 45 58 136 182 143 23 183 21 133 197 18 42 78 111 135 168 185
50 128 76 89 160 159 130 131 150 57 31 87 154 146 72 47 94 4 187 178 113 102 59 19 73 71 25 198 193 106 13 109 26 120 175 74 28 60 92 156 85 39 151 199 124 139 176
179 84 3 169 27 116 148 46 37 121 132 129 164 2 157 32 170 68 86 12 54 22 83 108 180 44 45 58 136 182 143 23 183 21 133 197 18 42 78 111 135 168 172 185 43 24 81 62 194 140 118 10 17 137 171 70 38 100 5 165 192 8 177 40 99 33 188 75 181 52 51 103 65 125 186 49 184 66 166 93 14 141 53 138 110 34 144 173 29 11 149 9 1 119 67 79 127 64 80 96 35 56 114 126 161 152 162 104 134 20 95 101 112 41 91 98 142 145 174 6 77 115 82 107 155 69 48 123 55 90 30 63 105 7 36 97 153 200 191 196 88 61 163 122 15 117 16 167 147 195 190 158 189
15 122 117 16 167 147 163 196 88 61 52 51 103 65 125 186 49 184 66 166 93 14 141 53 138 110 34 144 173 29 11 149 9 1 119 67 79 127 64 80 96 35 56 114 126 43 24 81 62 194 140 118 10 17 137 171 70 38 100 5 165 192 8 177 40 99 33 188 75 181 195 190 86 12 54 22 83 108 180 44 45 58 136 182 143 23 183 21 133 197 18 42 78 111 135 168 172 185 158 189 169 27 116 148 46 37 121 132 129 164 2 157 32 170 68 84 3 179 161 152 162 104 134 20 95 101 112 41 91 98 142 145 174 6 77 115 82 107 155 69 48 123 55 90 30 63 105 7 36 97 153 200 191
160 128 50 76 89 176 159 130 131 150 57 31 87 154 146 72 47 94 4 187 178 113 102 59 19 73 71 25 198 193 106 13 109 26 120 175 74 28 60 92 156 85 39 151 199 124 139
7 105 90 30 63 155 69 48 123 55 79 9 1 119 67 36 97 149 153 173 29 11 138 110 34 144 141 53 93 14 103 52 51 181 188 33 99 118 10 17 137 171 70 38 100 5 165 192 8 177 40 140 43 24 81 62 194 86 12 54 22 83 108 180 44 45 58 136 182 143 23 183 21 133 197 18 42 78 111 135 168 172 185 158 189 169 27 116 148 46 37 121 132 129 164 2 157 32 170 68 84 3 179 126 127 64 80 96 35 56 114 161 152 162 190 75 195 196 88 61 163 122 15 117 16 167 147 65 125 186 49 184 66 166 200 191 104 134 20 95 101 112 41 91 98 142 145 174 6 77 115 82 107
157 2 164 32 46 37 121 132 129 148 27 169 68 84 3 179 86 12 54 22 83 108 180 44 45 58 136 182 143 23 183 21 133 197 18 42 78 111 135 168 172 185 43 24 81 62 194 140 118 10 17 137 171 70 38 100 5 165 192 8 177 40 99 33 188 75 181 52 51 103 65 125 186 49 184 66 166 93 14 141 53 138 110 34 144 173 29 11 149 9 1 119 67 79 127 64 80 96 35 56 114 126 161 152 162 104 134 20 95 101 112 41 91 98 142 145 174 6 77 115 82 107 155 69 48 123 55 90 30 63 105 7 36 97 153 200 191 196 88 61 163 122 15 117 16 167 147 195 190 158 189 116 170
77 6 174 107 145 91 41 112 101 95 20 134 104 79 9 1 119 67 36 97 149 153 173 29 11 138 110 34 144 141 53 93 14 103 52 51 181 188 33 99 118 10 17 137 171 70 38 100 5 165 192 8 177 40 140 43 24 81 62 194 86 12 54 22 83 108 180 44 45 58 136 182 143 23 183 21 133 197 18 42 78 111 135 168 172 185 158 189 169 27 116 148 46 37 121 132 129 164 2 157 32 170 68 84 3 179 126 127 64 80 96 35 56 114 161 152 162 190 75 195 196 88 61 163 122 15 117 16 167 147 65 125 186 49 184 66 166 200 191 155 69 48 123 55 90 30 63 105 7 98 142 82 115
173 29 11 138 110 34 144 141 53 93 14 103 52 51 181 188 33 99 118 10 17 137 171 70 38 100 5 165 192 8 177 40 140 43 24 81 62 194 86 12 54 22 83 108 180 44 45 58 136 182 143 23 183 21 133 197 18 42 78 111 135 168 172 185 158 189 169 27 116 148 46 37 121 132 129 164 2 157 32 170 68 84 3 179 126 127 64 80 96 35 56 114 79 9 1 119 67 36 97 149 153 104 134 20 95 101 112 41 91 98 142 145 174 6 77 115 82 107 155 69 48 123 55 90 30 63 105 7 161 152 162 190 75 195 196 88 61 163 122 15 117 16 167 147 65 125 186 49 184 66 166 200 191
62 81 24 43 140 118 10 17 137 171 70 38 100 5 165 192 8 177 40 99 33 188 75 181 52 51 103 65 125 186 49 184 66 166 93 14 141 53 138 110 34 144 173 29 11 149 9 1 119 67 79 127 64 80 96 35 56 114 126 161 152 162 104 134 20 95 101 112 41 91 98 142 145 174 6 77 115 82 107 155 69 48 123 55 90 30 63 105 7 36 97 153 200 191 196 88 61 163 122 15 117 16 167 147 195 190 86 12 54 22 83 108 180 44 45 58 136 182 143 23 183 21 133 197 18 42 78 111 135 168 172 185 158 189 169 27 116 148 46 37 121 132 129 164 2 157 32 170 68 84 3 179 194
55 123 48 69 155 90 30 63 105 7 79 9 1 119 67 36 97 149 153 173 29 11 138 110 34 144 141 53 93 14 103 52 51 181 188 33 99 118 10 17 137 171 70 38 100 5 165 192 8 177 40 140 43 24 81 62 194 86 12 54 22 83 108 180 44 45 58 136 182 143 23 183 21 133 197 18 42 78 111 135 168 172 185 158 189 169 27 116 148 46 37 121 132 129 164 2 157 32 170 68 84 3 179 126 127 64 80 96 35 56 114 161 152 162 190 75 195 196 88 61 163 122 15 117 16 167 147 65 125 186 49 184 66 166 200 191 104 134 20 95 101 112 41 91 98 142 145 174 6 77 115 82 107
181 52 51 103 65 125 186 49 184 66 166 93 14 141 53 138 110 34 144 173 29 11 149 9 1 119 67 79 127 64 80 96 35 56 114 126 43 24 81 62 194 140 118 10 17 137 171 70 38 100 5 165 192 8 177 40 99 33 188 75 195 190 86 12 54 22 83 108 180 44 45 58 136 182 143 23 183 21 133 197 18 42 78 111 135 168 172 185 158 189 169 27 116 148 46 37 121 132 129 164 2 157 32 170 68 84 3 179 161 152 162 104 134 20 95 101 112 41 91 98 142 145 174 6 77 115 82 107 155 69 48 123 55 90 30 63 105 7 36 97 153 200 191 196 88 61 163 122 15 117 16 167 147
155 69 48 123 55 90 30 63 105 7 79 9 1 119 67 36 97 149 153 173 29 11 138 110 34 144 141 53 93 14 103 52 51 181 188 33 99 118 10 17 137 171 70 38 100 5 165 192 8 177 40 140 43 24 81 62 194 86 12 54 22 83 108 180 44 45 58 136 182 143 23 183 21 133 197 18 42 78 111 135 168 172 185 158 189 169 27 116 148 46 37 121 132 129 164 2 157 32 170 68 84 3 179 126 127 64 80 96 35 56 114 161 152 162 190 75 195 196 88 61 163 122 15 117 16 167 147 65 125 186 49 184 66 166 200 191 104 134 20 95 101 112 41 91 98 142 145 174 6 77 115 82 107
22 54 12 86 43 24 81 62 194 140 118 10 17 137 171 70 38 100 5 165 192 8 177 40 99 33 188 75 181 52 51 103 65 125 186 49 184 66 166 93 14 141 53 138 110 34 144 173 29 11 149 9 1 119 67 79 127 64 80 96 35 56 114 126 161 152 162 104 134 20 95 101 112 41 91 98 142 145 174 6 77 115 82 107 155 69 48 123 55 90 30 63 105 7 36 97 153 200 191 196 88 61 163 122 15 117 16 167 147 195 190 158 189 169 27 116 148 46 37 121 132 129 164 2 157 32 170 68 84 3 179 172 185 183 21 133 197 18 42 78 111 135 168 83 108 180 44 45 58 136 182 143 23
78 42 18 197 183 21 133 54 22 83 108 180 44 45 58 136 182 143 23 12 86 43 24 81 62 194 140 118 10 17 137 171 70 38 100 5 165 192 8 177 40 99 33 188 75 181 52 51 103 65 125 186 49 184 66 166 93 14 141 53 138 110 34 144 173 29 11 149 9 1 119 67 79 127 64 80 96 35 56 114 126 161 152 162 104 134 20 95 101 112 41 91 98 142 145 174 6 77 115 82 107 155 69 48 123 55 90 30 63 105 7 36 97 153 200 191 196 88 61 163 122 15 117 16 167 147 195 190 158 189 169 27 116 148 46 37 121 132 129 164 2 157 32 170 68 84 3 179 172 185 135 168 111
148 46 37 121 132 129 164 2 157 32 27 169 68 84 3 179 86 12 54 22 83 108 180 44 45 58 136 182 143 23 183 21 133 197 18 42 78 111 135 168 172 185 43 24 81 62 194 140 118 10 17 137 171 70 38 100 5 165 192 8 177 40 99 33 188 75 181 52 51 103 65 125 186 49 184 66 166 93 14 141 53 138 110 34 144 173 29 11 149 9 1 119 67 79 127 64 80 96 35 56 114 126 161 152 162 104 134 20 95 101 112 41 91 98 142 145 174 6 77 115 82 107 155 69 48 123 55 90 30 63 105 7 36 97 153 200 191 196 88 61 163 122 15 117 16 167 147 195 190 158 189 116 170
65 103 52 51 181 188 33 99 118 10 17 137 171 70 38 100 5 165 192 8 177 40 140 43 24 81 62 194 86 12 54 22 83 108 180 44 45 58 136 182 143 23 183 21 133 197 18 42 78 111 135 168 172 185 158 189 169 27 116 148 46 37 121 132 129 164 2 157 32 170 68 84 3 179 126 127 64 80 96 35 56 114 79 9 1 119 67 36 97 149 153 173 29 11 138 110 34 144 141 53 93 14 200 191 104 134 20 95 101 112 41 91 98 142 145 174 6 77 115 82 107 155 69 48 123 55 90 30 63 105 7 161 152 162 190 75 195 196 88 61 163 122 15 117 16 167 147 125 186 49 184 66 166
112 41 91 98 142 145 174 6 77 115 82 107 101 95 20 134 104 79 9 1 119 67 36 97 149 153 173 29 11 138 110 34 144 141 53 93 14 103 52 51 181 188 33 99 118 10 17 137 171 70 38 100 5 165 192 8 177 40 140 43 24 81 62 194 86 12 54 22 83 108 180 44 45 58 136 182 143 23 183 21 133 197 18 42 78 111 135 168 172 185 158 189 169 27 116 148 46 37 121 132 129 164 2 157 32 170 68 84 3 179 126 127 64 80 96 35 56 114 161 152 162 190 75 195 196 88 61 163 122 15 117 16 167 147 65 125 186 49 184 66 166 200 191 155 69 48 123 55 90 30 63 105 7
190 33 188 75 181 52 51 103 65 125 186 49 184 66 166 93 14 141 53 138 110 34 144 173 29 11 149 9 1 119 67 79 127 64 80 96 35 56 114 126 43 24 81 62 194 140 118 10 17 137 171 70 38 100 5 165 192 8 177 40 99 86 12 54 22 83 108 180 44 45 58 136 182 143 23 183 21 133 197 18 42 78 111 135 168 172 185 158 189 169 27 116 148 46 37 121 132 129 164 2 157 32 170 68 84 3 179 161 152 162 104 134 20 95 101 112 41 91 98 142 145 174 6 77 115 82 107 155 69 48 123 55 90 30 63 105 7 36 97 153 200 191 196 88 61 163 122 15 117 16 167 147 195
110 34 138 173 29 11 149 9 1 119 67 79 127 64 80 96 35 56 114 126 43 24 81 62 194 140 118 10 17 137 171 70 38 100 5 165 192 8 177 40 99 33 188 75 181 52 51 103 65 125 186 49 184 66 166 93 14 141 53 196 88 61 163 122 15 117 16 167 147 195 190 86 12 54 22 83 108 180 44 45 58 136 182 143 23 183 21 133 197 18 42 78 111 135 168 172 185 158 189 169 27 116 148 46 37 121 132 129 164 2 157 32 170 68 84 3 179 161 152 162 104 134 20 95 101 112 41 91 98 142 145 174 6 77 115 82 107 155 69 48 123 55 90 30 63 105 7 36 97 153 200 191 144
68 169 27 116 148 46 37 121 132 129 164 2 157 32 170 84 3 179 86 12 54 22 83 108 180 44 45 58 136 182 143 23 183 21 133 197 18 42 78 111 135 168 172 185 43 24 81 62 194 140 118 10 17 137 171 70 38 100 5 165 192 8 177 40 99 33 188 75 181 52 51 103 65 125 186 49 184 66 166 93 14 141 53 138 110 34 144 173 29 11 149 9 1 119 67 79 127 64 80 96 35 56 114 126 161 152 162 104 134 20 95 101 112 41 91 98 142 145 174 6 77 115 82 107 155 69 48 123 55 90 30 63 105 7 36 97 153 200 191 196 88 61 163 122 15 117 16 167 147 195 190 158 189
188 33 99 118 10 17 137 171 70 38 100 5 165 192 8 177 40 140 43 24 81 62 194 86 12 54 22 83 108 180 44 45 58 136 182 143 23 183 21 133 197 18 42 78 111 135 168 172 185 158 189 169 27 116 148 46 37 121 132 129 164 2 157 32 170 68 84 3 179 126 127 64 80 96 35 56 114 79 9 1 119 67 36 97 149 153 173 29 11 138 110 34 144 141 53 93 14 103 52 51 181 196 88 61 163 122 15 117 16 167 147 65 125 186 49 184 66 166 200 191 104 134 20 95 101 112 41 91 98 142 145 174 6 77 115 82 107 155 69 48 123 55 90 30 63 105 7 161 152 162 190 75 195
199 39 85 156 124 72 47 94 4 187 178 113 102 59 19 73 71 25 198 193 146 139 154 57 31 150 159 130 131 160 128 50 76 89 176 74 28 60 92 175 120 87 106 13 109 26 151
18 197 183 21 133 54 22 83 108 180 44 45 58 136 182 143 23 12 86 43 24 81 62 194 140 118 10 17 137 171 70 38 100 5 165 192 8 177 40 99 33 188 75 181 52 51 103 65 125 186 49 184 66 166 93 14 141 53 138 110 34 144 173 29 11 149 9 1 119 67 79 127 64 80 96 35 56 114 126 161 152 162 104 134 20 95 101 112 41 91 98 142 145 174 6 77 115 82 107 155 69 48 123 55 90 30 63 105 7 36 97 153 200 191 196 88 61 163 122 15 117 16 167 147 195 190 158 189 169 27 116 148 46 37 121 132 129 164 2 157 32 170 68 84 3 179 172 185 42 78 111 135 168
107 174 6 77 115 82 145 91 41 112 101 95 20 134 104 79 9 1 119 67 36 97 149 153 173 29 11 138 110 34 144 141 53 93 14 103 52 51 181 188 33 99 118 10 17 137 171 70 38 100 5 165 192 8 177 40 140 43 24 81 62 194 86 12 54 22 83 108 180 44 45 58 136 182 143 23 183 21 133 197 18 42 78 111 135 168 172 185 158 189 169 27 116 148 46 37 121 132 129 164 2 157 32 170 68 84 3 179 126 127 64 80 96 35 56 114 161 152 162 190 75 195 196 88 61 163 122 15 117 16 167 147 65 125 186 49 184 66 166 200 191 155 69 48 123 55 90 30 63 105 7 98 142
127 64 80 96 35 56 114 79 9 1 119 67 36 97 149 153 173 29 11 138 110 34 144 141 53 93 14 103 52 51 181 188 33 99 118 10 17 137 171 70 38 100 5 165 192 8 177 40 140 43 24 81 62 194 86 12 54 22 83 108 180 44 45 58 136 182 143 23 183 21 133 197 18 42 78 111 135 168 172 185 158 189 169 27 116 148 46 37 121 132 129 164 2 157 32 170 68 84 3 179 126 190 75 195 196 88 61 163 122 15 117 16 167 147 65 125 186 49 184 66 166 200 191 104 134 20 95 101 112 41 91 98 142 145 174 6 77 115 82 107 155 69 48 123 55 90 30 63 105 7 161 152 162
13 106 72 47 94 4 187 178 113 102 59 19 73 71 25 198 193 146 139 154 57 31 150 159 130 131 160 128 50 76 89 176 74 28 60 92 175 120 87 109 26 156 85 39 151 199 124
134 20 95 101 112 41 91 98 142 145 174 6 77 115 82 107 104 79 9 1 119 67 36 97 149 153 173 29 11 138 110 34 144 141 53 93 14 103 52 51 181 188 33 99 118 10 17 137 171 70 38 100 5 165 192 8 177 40 140 43 24 81 62 194 86 12 54 22 83 108 180 44 45 58 136 182 143 23 183 21 133 197 18 42 78 111 135 168 172 185 158 189 169 27 116 148 46 37 121 132 129 164 2 157 32 170 68 84 3 179 126 127 64 80 96 35 56 114 161 152 162 190 75 195 196 88 61 163 122 15 117 16 167 147 65 125 186 49 184 66 166 200 191 155 69 48 123 55 90 30 63 105 7
93 14 141 53 138 110 34 144 173 29 11 149 9 1 119 67 79 127 64 80 96 35 56 114 126 43 24 81 62 194 140 118 10 17 137 171 70 38 100 5 165 192 8 177 40 99 33 188 75 181 52 51 103 65 125 186 49 184 66 166 196 88 61 163 122 15 117 16 167 147 195 190 86 12 54 22 83 108 180 44 45 58 136 182 143 23 183 21 133 197 18 42 78 111 135 168 172 185 158 189 169 27 116 148 46 37 121 132 129 164 2 157 32 170 68 84 3 179 161 152 162 104 134 20 95 101 112 41 91 98 142 145 174 6 77 115 82 107 155 69 48 123 55 90 30 63 105 7 36 97 153 200 191
186 49 184 66 166 65 103 52 51 181 188 33 99 118 10 17 137 171 70 38 100 5 165 192 8 177 40 140 43 24 81 62 194 86 12 54 22 83 108 180 44 45 58 136 182 143 23 183 21 133 197 18 42 78 111 135 168 172 185 158 189 169 27 116 148 46 37 121 132 129 164 2 157 32 170 68 84 3 179 126 127 64 80 96 35 56 114 79 9 1 119 67 36 97 149 153 173 29 11 138 110 34 144 141 53 93 14 200 191 104 134 20 95 101 112 41 91 98 142 145 174 6 77 115 82 107 155 69 48 123 55 90 30 63 105 7 161 152 162 190 75 195 196 88 61 163 122 15 117 16 167 147 125
95 20 134 104 79 9 1 119 67 36 97 149 153 173 29 11 138 110 34 144 141 53 93 14 103 52 51 181 188 33 99 118 10 17 137 171 70 38 100 5 165 192 8 177 40 140 43 24 81 62 194 86 12 54 22 83 108 180 44 45 58 136 182 143 23 183 21 133 197 18 42 78 111 135 168 172 185 158 189 169 27 116 148 46 37 121 132 129 164 2 157 32 170 68 84 3 179 126 127 64 80 96 35 56 114 161 152 162 190 75 195 196 88 61 163 122 15 117 16 167 147 65 125 186 49 184 66 166 200 191 155 69 48 123 55 90 30 63 105 7 101 112 41 91 98 142 145 174 6 77 115 82 107
58 180 44 45 22 54 12 86 43 24 81 62 194 140 118 10 17 137 171 70 38 100 5 165 192 8 177 40 99 33 188 75 181 52 51 103 65 125 186 49 184 66 166 93 14 141 53 138 110 34 144 173 29 11 149 9 1 119 67 79 127 64 80 96 35 56 114 126 161 152 162 104 134 20 95 101 112 41 91 98 142 145 174 6 77 115 82 107 155 69 48 123 55 90 30 63 105 7 36 97 153 200 191 196 88 61 163 122 15 117 16 167 147 195 190 158 189 169 27 116 148 46 37 121 132 129 164 2 157 32 170 68 84 3 179 172 185 183 21 133 197 18 42 78 111 135 168 83 108 182 143 23 136
137 17 10 118 99 33 188 75 181 52 51 103 65 125 186 49 184 66 166 93 14 141 53 138 110 34 144 173 29 11 149 9 1 119 67 79 127 64 80 96 35 56 114 126 43 24 81 62 194 140 86 12 54 22 83 108 180 44 45 58 136 182 143 23 183 21 133 197 18 42 78 111 135 168 172 185 158 189 169 27 116 148 46 37 121 132 129 164 2 157 32 170 68 84 3 179 161 152 162 104 134 20 95 101 112 41 91 98 142 145 174 6 77 115 82 107 155 69 48 123 55 90 30 63 105 7 36 97 153 200 191 196 88 61 163 122 15 117 16 167 147 195 190 70 38 100 5 165 192 8 177 40 171
189 158 86 12 54 22 83 108 180 44 45 58 136 182 143 23 183 21 133 197 18 42 78 111 135 168 172 185 43 24 81 62 194 140 118 10 17 137 171 70 38 100 5 165 192 8 177 40 99 33 188 75 181 52 51 103 65 125 186 49 184 66 166 93 14 141 53 138 110 34 144 173 29 11 149 9 1 119 67 79 127 64 80 96 35 56 114 126 161 152 162 104 134 20 95 101 112 41 91 98 142 145 174 6 77 115 82 107 155 69 48 123 55 90 30 63 105 7 36 97 153 200 191 196 88 61 163 122 15 117 16 167 147 195 190 169 27 116 148 46 37 121 132 129 164 2 157 32 170 68 84 3 179
115 77 6 174 107 145 91 41 112 101 95 20 134 104 79 9 1 119 67 36 97 149 153 173 29 11 138 110 34 144 141 53 93 14 103 52 51 181 188 33 99 118 10 17 137 171 70 38 100 5 165 192 8 177 40 140 43 24 81 62 194 86 12 54 22 83 108 180 44 45 58 136 182 143 23 183 21 133 197 18 42 78 111 135 168 172 185 158 189 169 27 116 148 46 37 121 132 129 164 2 157 32 170 68 84 3 179 126 127 64 80 96 35 56 114 161 152 162 190 75 195 196 88 61 163 122 15 117 16 167 147 65 125 186 49 184 66 166 200 191 155 69 48 123 55 90 30 63 105 7 98 142 82
84 3 169 27 116 148 46 37 121 132 129 164 2 157 32 170 68 86 12 54 22 83 108 180 44 45 58 136 182 143 23 183 21 133 197 18 42 78 111 135 168 172 185 43 24 81 62 194 140 118 10 17 137 171 70 38 100 5 165 192 8 177 40 99 33 188 75 181 52 51 103 65 125 186 49 184 66 166 93 14 141 53 138 110 34 144 173 29 11 149 9 1 119 67 79 127 64 80 96 35 56 114 126 161 152 162 104 134 20 95 101 112 41 91 98 142 145 174 6 77 115 82 107 155 69 48 123 55 90 30 63 105 7 36 97 153 200 191 196 88 61 163 122 15 117 16 167 147 195 190 158 189 179
102 59 19 73 71 25 113 178 187 4 94 47 72 146 139 154 57 31 150 159 130 131 160 128 50 76 89 176 74 28 60 92 175 120 87 106 13 109 26 156 85 39 151 199 124 193 198
141 53 93 14 103 52 51 181 188 33 99 118 10 17 137 171 70 38 100 5 165 192 8 177 40 140 43 24 81 62 194 86 12 54 22 83 108 180 44 45 58 136 182 143 23 183 21 133 197 18 42 78 111 135 168 172 185 158 189 169 27 116 148 46 37 121 132 129 164 2 157 32 170 68 84 3 179 126 127 64 80 96 35 56 114 79 9 1 119 67 36 97 149 153 173 29 11 138 110 34 144 200 191 104 134 20 95 101 112 41 91 98 142 145 174 6 77 115 82 107 155 69 48 123 55 90 30 63 105 7 161 152 162 190 75 195 196 88 61 163 122 15 117 16 167 147 65 125 186 49 184 66 166
180 44 45 58 136 22 54 12 86 43 24 81 62 194 140 118 10 17 137 171 70 38 100 5 165 192 8 177 40 99 33 188 75 181 52 51 103 65 125 186 49 184 66 166 93 14 141 53 138 110 34 144 173 29 11 149 9 1 119 67 79 127 64 80 96 35 56 114 126 161 152 162 104 134 20 95 101 112 41 91 98 142 145 174 6 77 115 82 107 155 69 48 123 55 90 30 63 105 7 36 97 153 200 191 196 88 61 163 122 15 117 16 167 147 195 190 158 189 169 27 116 148 46 37 121 132 129 164 2 157 32 170 68 84 3 179 172 185 183 21 133 197 18 42 78 111 135 168 83 108 182 143 23
69 48 123 55 155 90 30 63 105 7 79 9 1 119 67 36 97 149 153 173 29 11 138 110 34 144 141 53 93 14 103 52 51 181 188 33 99 118 10 17 137 171 70 38 100 5 165 192 8 177 40 140 43 24 81 62 194 86 12 54 22 83 108 180 44 45 58 136 182 143 23 183 21 133 197 18 42 78 111 135 168 172 185 158 189 169 27 116 148 46 37 121 132 129 164 2 157 32 170 68 84 3 179 126 127 64 80 96 35 56 114 161 152 162 190 75 195 196 88 61 163 122 15 117 16 167 147 65 125 186 49 184 66 166 200 191 104 134 20 95 101 112 41 91 98 142 145 174 6 77 115 82 107
152 161 127 64 80 96 35 56 114 79 9 1 119 67 36 97 149 153 173 29 11 138 110 34 144 141 53 93 14 103 52 51 181 188 33 99 118 10 17 137 171 70 38 100 5 165 192 8 177 40 140 43 24 81 62 194 86 12 54 22 83 108 180 44 45 58 136 182 143 23 183 21 133 197 18 42 78 111 135 168 172 185 158 189 169 27 116 148 46 37 121 132 129 164 2 157 32 170 68 84 3 179 126 190 75 195 196 88 61 163 122 15 117 16 167 147 65 125 186 49 184 66 166 200 191 104 134 20 95 101 112 41 91 98 142 145 174 6 77 115 82 107 155 69 48 123 55 90 30 63 105 7 162
145 91 41 112 101 95 20 134 104 79 9 1 119 67 36 97 149 153 173 29 11 138 110 34 144 141 53 93 14 103 52 51 181 188 33 99 118 10 17 137 171 70 38 100 5 165 192 8 177 40 140 43 24 81 62 194 86 12 54 22 83 108 180 44 45 58 136 182 143 23 183 21 133 197 18 42 78 111 135 168 172 185 158 189 169 27 116 148 46 37 121 132 129 164 2 157 32 170 68 84 3 179 126 127 64 80 96 35 56 114 161 152 162 190 75 195 196 88 61 163 122 15 117 16 167 147 65 125 186 49 184 66 166 200 191 155 69 48 123 55 90 30 63 105 7 98 142 174 6 77 115 82 107
125 65 103 52 51 181 188 33 99 118 10 17 137 171 70 38 100 5 165 192 8 177 40 140 43 24 81 62 194 86 12 54 22 83 108 180 44 45 58 136 182 143 23 183 21 133 197 18 42 78 111 135 168 172 185 158 189 169 27 116 148 46 37 121 132 129 164 2 157 32 170 68 84 3 179 126 127 64 80 96 35 56 114 79 9 1 119 67 36 97 149 153 173 29 11 138 110 34 144 141 53 93 14 200 191 104 134 20 95 101 112 41 91 98 142 145 174 6 77 115 82 107 155 69 48 123 55 90 30 63 105 7 161 152 162 190 75 195 196 88 61 163 122 15 117 16 167 147 186 49 184 66 166
17 10 118 99 33 188 75 181 52 51 103 65 125 186 49 184 66 166 93 14 141 53 138 110 34 144 173 29 11 149 9 1 119 67 79 127 64 80 96 35 56 114 126 43 24 81 62 194 140 86 12 54 22 83 108 180 44 45 58 136 182 143 23 183 21 133 197 18 42 78 111 135 168 172 185 158 189 169 27 116 148 46 37 121 132 129 164 2 157 32 170 68 84 3 179 161 152 162 104 134 20 95 101 112 41 91 98 142 145 174 6 77 115 82 107 155 69 48 123 55 90 30 63 105 7 36 97 153 200 191 196 88 61 163 122 15 117 16 167 147 195 190 70 38 100 5 165 192 8 177 40 137 171
41 112 101 95 20 134 104 79 9 1 119 67 36 97 149 153 173 29 11 138 110 34 144 141 53 93 14 103 52 51 181 188 33 99 118 10 17 137 171 70 38 100 5 165 192 8 177 40 140 43 24 81 62 194 86 12 54 22 83 108 180 44 45 58 136 182 143 23 183 21 133 197 18 42 78 111 135 168 172 185 158 189 169 27 116 148 46 37 121 132 129 164 2 157 32 170 68 84 3 179 126 127 64 80 96 35 56 114 161 152 162 190 75 195 196 88 61 163 122 15 117 16 167 147 65 125 186 49 184 66 166 200 191 155 69 48 123 55 90 30 63 105 7 91 98 142 145 174 6 77 115 82 107
109 26 72 47 94 4 187 178 113 102 59 19 73 71 25 198 193 146 139 154 57 31 150 159 130 131 160 128 50 76 89 176 74 28 60 92 175 120 87 106 13 156 85 39 151 199 124
26 109 72 47 94 4 187 178 113 102 59 19 73 71 25 198 193 146 139 154 57 31 150 159 130 131 160 128 50 76 89 176 74 28 60 92 175 120 87 106 13 156 85 39 151 199 124
187 178 113 102 59 19 73 71 25 198 4 94 47 72 146 139 154 57 31 150 159 130 131 160 128 50 76 89 176 74 28 60 92 175 120 87 106 13 109 26 156 85 39 151 199 124 193
150 57 31 87 154 146 72 47 94 4 187 178 113 102 59 19 73 71 25 198 193 106 13 109 26 120 175 74 28 60 92 160 128 50 76 89 176 159 130 131 156 85 39 151 199 124 139
16 117 122 15 163 196 88 61 52 51 103 65 125 186 49 184 66 166 93 14 141 53 138 110 34 144 173 29 11 149 9 1 119 67 79 127 64 80 96 35 56 114 126 43 24 81 62 194 140 118 10 17 137 171 70 38 100 5 165 192 8 177 40 99 33 188 75 181 195 190 86 12 54 22 83 108 180 44 45 58 136 182 143 23 183 21 133 197 18 42 78 111 135 168 172 185 158 189 169 27 116 148 46 37 121 132 129 164 2 157 32 170 68 84 3 179 161 152 162 104 134 20 95 101 112 41 91 98 142 145 174 6 77 115 82 107 155 69 48 123 55 90 30 63 105 7 36 97 153 200 191 167 147
14 93 141 53 138 110 34 144 173 29 11 149 9 1 119 67 79 127 64 80 96 35 56 114 126 43 24 81 62 194 140 118 10 17 137 171 70 38 100 5 165 192 8 177 40 99 33 188 75 181 52 51 103 65 125 186 49 184 66 166 196 88 61 163 122 15 117 16 167 147 195 190 86 12 54 22 83 108 180 44 45 58 136 182 143 23 183 21 133 197 18 42 78 111 135 168 172 185 158 189 169 27 116 148 46 37 121 132 129 164 2 157 32 170 68 84 3 179 161 152 162 104 134 20 95 101 112 41 91 98 142 145 174 6 77 115 82 107 155 69 48 123 55 90 30 63 105 7 36 97 153 200 191
80 64 127 79 9 1 119 67 36 97 149 153 173 29 11 138 110 34 144 141 53 93 14 103 52 51 181 188 33 99 118 10 17 137 171 70 38 100 5 165 192 8 177 40 140 43 24 81 62 194 86 12 54 22 83 108 180 44 45 58 136 182 143 23 183 21 133 197 18 42 78 111 135 168 172 185 158 189 169 27 116 148 46 37 121 132 129 164 2 157 32 170 68 84 3 179 126 190 75 195 196 88 61 163 122 15 117 16 167 147 65 125 186 49 184 66 166 200 191 104 134 20 95 101 112 41 91 98 142 145 174 6 77 115 82 107 155 69 48 123 55 90 30 63 105 7 161 152 162 96 35 56 114
52 51 103 65 125 186 49 184 66 166 93 14 141 53 138 110 34 144 173 29 11 149 9 1 119 67 79 127 64 80 96 35 56 114 126 43 24 81 62 194 140 118 10 17 137 171 70 38 100 5 165 192 8 177 40 99 33 188 75 181 195 190 86 12 54 22 83 108 180 44 45 58 136 182 143 23 183 21 133 197 18 42 78 111 135 168 172 185 158 189 169 27 116 148 46 37 121 132 129 164 2 157 32 170 68 84 3 179 161 152 162 104 134 20 95 101 112 41 91 98 142 145 174 6 77 115 82 107 155 69 48 123 55 90 30 63 105 7 36 97 153 200 191 196 88 61 163 122 15 117 16 167 147
142 91 41 112 101 95 20 134 104 79 9 1 119 67 36 97 149 153 173 29 11 138 110 34 144 141 53 93 14 103 52 51 181 188 33 99 118 10 17 137 171 70 38 100 5 165 192 8 177 40 140 43 24 81 62 194 86 12 54 22 83 108 180 44 45 58 136 182 143 23 183 21 133 197 18 42 78 111 135 168 172 185 158 189 169 27 116 148 46 37 121 132 129 164 2 157 32 170 68 84 3 179 126 127 64 80 96 35 56 114 161 152 162 190 75 195 196 88 61 163 122 15 117 16 167 147 65 125 186 49 184 66 166 200 191 155 69 48 123 55 90 30 63 105 7 98 145 174 6 77 115 82 107
92 60 28 74 175 120 72 47 94 4 187 178 113 102 59 19 73 71 25 198 193 146 139 154 57 31 150 159 130 131 160 128 50 76 89 176 87 106 13 109 26 156 85 39 151 199 124
