1
100
1 1 60
2 3 70 21 84
3 4 74 42 64 76
4 1 48
5 1 71
6 2 72 46
7 2 23 78
8 2 40 91
9 2 18 27
10 1 72
11 3 97 31 56
12 4 73 14 29 47
13 1 86
14 1 12
15 1 62
16 1 82
17 2 75 19
18 2 9 91
19 3 17 65 81
20 1 79
21 1 2
22 3 91 25 100
23 2 7 62
24 2 51 70
25 3 22 55 80
26 2 37 67
27 3 9 36 71
28 1 58
29 1 12
30 1 46
31 2 11 88
32 2 97 92
33 1 37
34 1 97
35 2 70 87
36 1 27
37 5 26 33 43 58 59
38 2 57 93
39 1 80
40 2 8 67
41 3 66 49 51
42 1 3
43 2 37 62
44 2 54 62
45 2 50 96
46 2 30 6
47 1 12
48 2 4 54
49 2 41 89
50 4 45 94 90 98
51 4 24 41 66 69
52 1 85
53 1 65
54 4 44 48 72 86
55 1 25
56 2 11 97
57 3 38 70 77
58 3 28 37 79
59 1 37
60 2 1 80
61 2 97 85
62 5 15 23 43 44 82
63 1 66
64 3 3 73 83
65 3 53 19 99
66 3 41 63 51
67 3 40 26 74
68 1 73
69 1 51
70 4 2 35 57 24
71 2 5 27
72 4 6 10 54 85
73 3 12 68 64
74 2 3 67
75 3 17 91 94
76 1 3
77 1 57
78 1 7
79 2 20 58
80 3 39 60 25
81 1 19
82 2 16 62
83 1 64
84 1 2
85 3 52 72 61
86 2 13 54
87 1 35
88 1 31
89 1 49
90 1 50
91 5 18 22 75 8 95
92 1 32
93 1 38
94 2 50 75
95 1 91
96 1 45
97 5 11 32 34 61 56
98 1 50
99 1 65
100 1 22
100 0
49 1
5 1
32 0
40 0
84 1
44 0
19 1
94 1
63 0
61 0
34 1
10 1
3 1
65 1
29 1
71 0
38 1
26 1
1 1
14 1
69 0
89 0
48 0
6 1
57 1
50 1
66 0
11 0
28 1
55 0
88 0
7 0
39 1
41 0
83 0
85 0
52 0
86 0
35 0
33 1
73 1
45 0
27 0
20 0
87 0
43 0
79 1
97 1
0 0
