1
1000
1 1 239
2 2 101 631
3 3 367 684 943
4 6 184 27 126 176 512 758
5 1 200
6 1 397
7 1 957
8 2 96 25
9 2 725 381
10 3 188 282 663
11 3 417 486 831
12 2 508 978
13 2 771 819
14 1 229
15 1 122
16 5 375 397 735 830 930
17 1 651
18 2 989 556
19 2 36 399
20 1 502
21 2 172 389
22 2 524 302
23 2 89 443
24 2 355 597
25 2 8 184
26 1 471
27 2 4 622
28 3 280 33 140
29 1 762
30 2 681 774
31 2 637 372
32 2 721 639
33 3 28 534 711
34 2 743 926
35 2 536 612
36 2 19 811
37 1 671
38 3 697 108 953
39 2 53 500
40 6 431 68 412 546 750 988
41 1 56
42 1 838
43 1 531
44 2 449 618
45 5 900 199 691 696 947
46 2 294 53
47 1 899
48 3 118 624 702
49 1 169
50 2 225 870
51 3 692 689 940
52 1 519
53 2 39 46
54 1 153
55 2 822 703
56 3 41 101 457
57 2 107 837
58 4 460 88 280 427
59 3 255 111 328
60 1 154
61 3 354 94 859
62 3 383 424 575
63 1 242
64 1 628
65 3 749 151 629
66 1 915
67 1 910
68 3 40 642 704
69 3 917 371 507
70 3 290 498 532
71 3 990 325 887
72 2 691 196
73 2 616 585
74 2 937 615
75 2 831 336
76 1 211
77 2 999 213
78 3 749 700 874
79 2 324 237
80 1 805
81 3 400 742 813
82 1 230
83 2 974 903
84 1 549
85 2 524 848
86 2 426 860
87 1 357
88 1 58
89 3 23 534 125
90 1 472
91 3 178 554 792
92 2 194 964
93 2 755 850
94 4 61 244 899 952
95 1 415
96 3 8 534 604
97 2 731 812
98 3 970 182 872
99 1 941
100 4 184 216 385 611
101 4 2 56 336 674
102 2 475 772
103 2 595 653
104 3 107 264 299
105 1 187
106 2 525 660
107 5 57 104 135 263 408
108 1 38
109 1 361
110 1 955
111 1 59
112 1 439
113 1 773
114 4 493 305 497 948
115 1 554
116 1 929
117 3 360 233 924
118 3 48 476 607
119 1 545
120 2 594 962
121 2 700 405
122 2 15 494
123 3 305 929 990
124 3 995 202 949
125 1 89
126 1 4
127 3 269 224 914
128 1 172
129 1 395
130 1 350
131 3 674 370 775
132 1 895
133 1 476
134 1 810
135 2 107 557
136 2 277 884
137 1 151
138 3 285 378 477
139 2 767 763
140 1 28
141 2 399 401
142 3 340 390 821
143 1 368
144 2 665 440
145 2 180 317
146 1 951
147 3 284 192 222
148 3 516 489 814
149 1 360
150 2 231 919
151 2 137 65
152 2 621 679
153 3 54 858 805
154 3 60 289 171
155 3 774 648 967
156 2 293 863
157 1 372
158 3 369 579 777
159 1 957
160 1 734
161 1 668
162 1 958
163 1 487
164 4 691 309 567 912
165 1 567
166 4 664 320 455 980
167 2 215 319
168 1 816
169 2 49 561
170 2 663 699
171 1 154
172 5 21 128 631 187 572
173 3 717 191 911
174 1 638
175 1 251
176 1 4
177 1 906
178 3 91 928 530
179 2 246 252
180 3 145 599 514
181 1 871
182 1 98
183 1 589
184 4 4 100 25 721
185 2 699 273
186 2 695 228
187 3 105 172 810
188 2 10 414
189 2 696 944
190 1 338
191 1 173
192 2 147 731
193 2 389 369
194 3 92 309 484
195 1 276
196 2 72 543
197 1 230
198 3 764 463 866
199 1 45
200 2 5 961
201 2 634 564
202 1 124
203 4 852 278 661 995
204 1 248
205 2 242 209
206 2 436 803
207 1 399
208 3 662 358 732
209 1 205
210 1 373
211 4 76 465 250 536
212 2 458 822
213 3 77 384 472
214 2 770 304
215 2 167 759
216 3 100 493 502
217 1 928
218 2 601 641
219 2 574 680
220 2 830 448
221 1 691
222 1 147
223 2 999 491
224 3 127 796 975
225 3 50 903 464
226 3 422 274 347
227 3 456 475 719
228 1 186
229 2 14 281
230 4 82 197 871 555
231 3 150 395 673
232 3 481 334 890
233 3 117 420 945
234 1 969
235 1 841
236 1 850
237 2 79 650
238 1 784
239 2 1 650
240 1 743
241 1 461
242 3 63 205 624
243 1 839
244 1 94
245 1 574
246 2 179 497
247 1 639
248 5 204 475 496 768 776
249 3 311 458 983
250 2 211 818
251 2 175 943
252 5 179 255 312 323 976
253 2 519 441
254 2 879 898
255 2 59 252
256 1 710
257 2 314 287
258 2 501 393
259 1 942
260 1 841
261 1 651
262 4 915 327 849 922
263 1 107
264 1 104
265 1 831
266 2 737 955
267 2 965 662
268 2 429 487
269 2 127 582
270 1 398
271 3 723 330 678
272 1 899
273 1 185
274 1 226
275 3 363 599 823
276 3 195 463 882
277 2 136 492
278 2 203 864
279 1 703
280 2 28 58
281 2 229 556
282 1 10
283 1 691
284 3 147 659 867
285 4 138 959 954 956
286 1 890
287 1 257
288 1 349
289 2 154 994
290 3 70 416 591
291 1 855
292 3 703 625 683
293 3 156 830 499
294 5 46 740 296 416 809
295 4 769 442 659 852
296 1 294
297 1 426
298 2 721 359
299 1 104
300 2 555 756
301 1 405
302 1 22
303 2 524 709
304 1 214
305 2 123 114
306 1 377
307 1 732
308 2 649 603
309 3 194 164 854
310 3 434 432 966
311 2 249 481
312 2 252 315
313 1 792
314 3 257 927 596
315 1 312
316 1 436
317 5 145 581 664 708 885
318 1 796
319 1 167
320 1 166
321 2 652 332
322 1 476
323 1 252
324 3 79 853 693
325 1 71
326 1 791
327 4 262 714 736 797
328 1 59
329 3 812 366 533
330 1 271
331 2 983 666
332 1 321
333 2 766 767
334 2 232 335
335 1 334
336 2 101 75
337 1 508
338 2 190 758
339 2 807 771
340 2 142 446
341 2 687 480
342 1 819
343 2 987 773
344 2 617 423
345 1 953
346 1 795
347 2 226 755
348 2 403 712
349 2 288 732
350 3 130 915 490
351 2 805 960
352 2 958 998
353 2 472 869
354 2 61 817
355 5 24 436 855 900 973
356 4 748 669 834 862
357 2 87 887
358 1 208
359 1 298
360 5 117 149 834 481 908
361 2 109 719
362 1 894
363 2 275 537
364 1 832
365 2 847 1000
366 1 329
367 2 3 516
368 2 143 934
369 2 158 193
370 1 131
371 3 69 799 888
372 3 157 31 396
373 3 210 688 880
374 4 862 411 413 871
375 4 16 662 626 655
376 1 907
377 4 306 738 902 928
378 1 138
379 1 921
380 1 504
381 2 9 403
382 3 965 526 610
383 2 62 661
384 1 213
385 1 100
386 3 449 667 784
387 3 975 633 657
388 4 599 816 827 838
389 3 193 21 562
390 1 142
391 1 458
392 2 974 762
393 3 258 426 577
394 1 932
395 4 129 231 477 619
396 2 372 845
397 4 6 16 449 780
398 2 270 440
399 3 141 207 19
400 2 81 702
401 1 141
402 2 969 671
403 2 348 381
404 2 988 670
405 2 301 121
406 1 607
407 2 622 877
408 1 107
409 1 994
410 1 827
411 1 374
412 1 40
413 1 374
414 2 188 727
415 2 95 819
416 3 290 294 839
417 2 11 496
418 2 531 452
419 1 905
420 1 233
421 2 926 437
422 2 226 488
423 2 344 958
424 3 62 425 841
425 1 424
426 4 86 297 393 676
427 1 58
428 2 674 552
429 3 268 657 547
430 1 485
431 2 40 615
432 2 310 846
433 1 867
434 3 310 680 466
435 2 698 994
436 4 206 316 355 998
437 2 421 698
438 1 978
439 2 112 451
440 2 398 144
441 2 253 789
442 5 295 531 917 961 972
443 2 23 587
444 3 606 757 769
445 1 886
446 3 340 597 601
447 1 460
448 2 220 896
449 4 44 386 397 752
450 1 482
451 2 439 532
452 2 418 991
453 2 850 506
454 1 619
455 1 166
456 3 227 488 761
457 1 56
458 3 212 391 249
459 2 709 820
460 3 58 447 566
461 3 241 921 974
462 1 588
463 3 276 198 584
464 1 225
465 3 211 515 970
466 1 434
467 2 995 927
468 1 515
469 1 820
470 1 835
471 2 26 892
472 3 90 353 213
473 1 917
474 1 652
475 4 102 248 227 527
476 4 118 133 322 847
477 2 395 138
478 1 899
479 1 813
480 1 341
481 3 232 311 360
482 2 450 734
483 1 531
484 2 194 609
485 3 430 700 646
486 1 11
487 4 163 268 916 979
488 4 422 456 495 901
489 2 148 753
490 1 350
491 1 223
492 2 277 913
493 3 114 216 876
494 3 122 693 540
495 2 488 727
496 2 417 248
497 3 246 114 910
498 2 70 706
499 2 293 832
500 1 39
501 2 258 623
502 4 20 216 807 951
503 1 871
504 2 380 831
505 1 807
506 2 453 808
507 2 69 557
508 3 12 337 851
509 2 968 749
510 1 910
511 1 919
512 3 4 935 987
513 1 594
514 1 180
515 4 465 468 931 785
516 4 148 367 937 647
517 2 585 829
518 2 872 716
519 4 52 253 600 565
520 1 931
521 1 697
522 1 765
523 2 683 692
524 4 22 85 303 688
525 2 106 828
526 2 382 672
527 1 475
528 1 752
529 1 940
530 1 178
531 5 43 418 483 442 559
532 2 451 70
533 1 329
534 3 89 96 33
535 2 598 844
536 2 35 211
537 2 363 758
538 1 637
539 1 778
540 2 494 594
541 2 684 770
542 1 852
543 3 196 921 986
544 1 994
545 4 119 576 730 754
546 2 40 946
547 1 429
548 2 859 743
549 4 84 587 713 932
550 1 934
551 2 655 893
552 2 428 760
553 1 796
554 2 115 91
555 3 300 230 883
556 2 281 18
557 3 135 507 811
558 1 660
559 2 531 561
560 1 676
561 2 169 559
562 1 389
563 1 808
564 1 201
565 2 519 889
566 2 460 576
567 2 165 164
568 2 630 787
569 1 850
570 1 765
571 1 621
572 1 172
573 1 620
574 5 219 245 612 598 817
575 1 62
576 3 545 566 648
577 2 393 766
578 1 989
579 1 158
580 1 694
581 1 317
582 2 269 945
583 1 762
584 2 463 801
585 3 517 73 836
586 2 727 747
587 4 549 443 722 764
588 2 462 829
589 4 183 749 690 941
590 1 927
591 1 290
592 3 668 741 936
593 1 984
594 3 120 513 540
595 2 103 934
596 1 314
597 2 446 24
598 2 535 574
599 3 180 388 275
600 2 519 610
601 2 218 446
602 1 859
603 1 308
604 2 96 613
605 1 756
606 3 444 648 707
607 2 406 118
608 2 769 920
609 1 484
610 2 600 382
611 1 100
612 2 574 35
613 1 604
614 1 780
615 3 431 74 718
616 2 73 777
617 2 344 870
618 2 44 981
619 5 454 395 620 745 965
620 3 573 619 894
621 4 152 571 646 802
622 2 407 27
623 2 501 725
624 2 242 48
625 1 292
626 1 375
627 1 817
628 2 64 824
629 1 65
630 3 568 684 913
631 2 172 2
632 2 854 800
633 1 387
634 2 201 912
635 1 665
636 1 641
637 4 31 538 772 833
638 2 174 742
639 2 247 32
640 1 727
641 2 636 218
642 2 68 643
643 1 642
644 2 862 856
645 2 852 746
646 2 621 485
647 1 516
648 3 576 606 155
649 2 308 922
650 2 239 237
651 3 17 261 946
652 3 321 474 875
653 3 103 795 971
654 1 701
655 2 551 375
656 1 872
657 2 429 387
658 1 887
659 2 284 295
660 3 558 106 804
661 2 383 203
662 4 208 375 267 847
663 3 170 10 675
664 2 166 317
665 4 144 635 847 842
666 1 331
667 1 386
668 4 161 592 709 982
669 1 356
670 1 404
671 3 37 402 791
672 1 526
673 1 231
674 3 131 428 101
675 1 663
676 2 560 426
677 2 947 957
678 1 271
679 1 152
680 3 434 219 748
681 2 30 954
682 1 926
683 2 523 292
684 3 541 630 3
685 1 693
686 1 933
687 2 341 948
688 3 373 524 862
689 1 51
690 2 589 996
691 6 72 164 221 283 45 875
692 2 51 523
693 3 494 685 324
694 3 580 818 727
695 2 186 991
696 5 189 45 705 886 963
697 3 38 521 787
698 2 435 437
699 2 185 170
700 3 121 485 78
701 2 654 791
702 2 400 48
703 3 279 292 55
704 1 68
705 1 696
706 2 498 915
707 1 606
708 1 317
709 3 459 668 303
710 3 256 937 939
711 1 33
712 1 348
713 2 549 765
714 1 327
715 1 815
716 1 518
717 2 173 731
718 1 615
719 3 361 227 993
720 2 843 738
721 3 32 298 184
722 1 587
723 2 271 750
724 1 797
725 4 9 623 766 918
726 1 809
727 5 414 495 586 640 694
728 1 914
729 3 874 788 968
730 1 545
731 3 97 717 192
732 3 307 349 208
733 1 982
734 3 160 482 857
735 1 16
736 1 327
737 2 266 924
738 3 377 720 858
739 1 895
740 2 294 998
741 1 592
742 3 638 81 905
743 3 34 240 548
744 1 923
745 2 619 923
746 1 645
747 1 586
748 3 356 680 790
749 4 65 78 589 509
750 2 723 40
751 1 909
752 2 528 449
753 1 489
754 1 545
755 2 93 347
756 2 605 300
757 1 444
758 3 338 537 4
759 2 215 885
760 1 552
761 2 456 878
762 3 29 583 392
763 1 139
764 2 198 587
765 4 522 570 713 873
766 3 333 725 577
767 2 139 333
768 1 248
769 3 295 608 444
770 2 214 541
771 2 13 339
772 2 637 102
773 2 113 343
774 3 155 30 843
775 1 131
776 1 248
777 2 616 158
778 3 539 834 861
779 1 912
780 2 614 397
781 1 951
782 1 980
783 1 883
784 4 238 386 868 904
785 1 515
786 1 956
787 2 697 568
788 1 729
789 1 441
790 2 748 909
791 3 326 701 671
792 2 313 91
793 1 850
794 1 978
795 2 346 653
796 4 318 553 224 865
797 2 724 327
798 1 868
799 1 371
800 1 632
801 2 584 853
802 2 621 895
803 1 206
804 1 660
805 3 80 351 153
806 1 976
807 5 339 505 502 985 992
808 2 563 506
809 2 726 294
810 2 134 187
811 2 36 557
812 2 329 97
813 2 479 81
814 1 148
815 2 715 997
816 2 168 388
817 3 354 627 574
818 2 694 250
819 3 342 415 13
820 2 469 459
821 1 142
822 2 55 212
823 1 275
824 2 628 915
825 1 858
826 1 1000
827 2 410 388
828 2 525 885
829 2 588 517
830 3 220 293 16
831 4 75 265 504 11
832 2 364 499
833 2 637 835
834 3 360 778 356
835 2 470 833
836 1 585
837 1 57
838 2 42 388
839 3 243 416 997
840 1 851
841 3 235 260 424
842 2 665 959
843 2 720 774
844 1 535
845 2 396 934
846 1 432
847 4 365 476 665 662
848 1 85
849 1 262
850 5 236 453 569 793 93
851 4 508 840 976 891
852 4 203 542 645 295
853 2 324 801
854 2 632 309
855 2 291 355
856 1 644
857 2 734 947
858 3 153 825 738
859 3 548 602 61
860 1 86
861 2 778 879
862 4 374 644 688 356
863 2 156 950
864 1 278
865 1 796
866 1 198
867 2 433 284
868 2 798 784
869 1 353
870 2 617 50
871 4 181 230 503 374
872 3 518 656 98
873 1 765
874 3 729 78 925
875 2 652 691
876 1 493
877 1 407
878 1 761
879 2 254 861
880 1 373
881 1 934
882 1 276
883 2 783 555
884 1 136
885 3 759 828 317
886 2 445 696
887 3 357 658 71
888 1 371
889 1 565
890 2 286 232
891 2 851 989
892 2 471 970
893 2 551 999
894 3 362 620 937
895 3 132 739 802
896 1 448
897 1 988
898 1 254
899 4 47 272 478 94
900 2 45 355
901 1 488
902 1 377
903 3 225 83 906
904 1 784
905 2 419 742
906 2 177 903
907 2 376 933
908 1 360
909 2 751 790
910 3 67 510 497
911 1 173
912 3 634 779 164
913 2 492 630
914 2 728 127
915 5 66 262 350 824 706
916 1 487
917 3 69 473 442
918 1 725
919 2 511 150
920 1 608
921 3 379 461 543
922 2 649 262
923 2 744 745
924 2 737 117
925 1 874
926 3 421 682 34
927 3 314 590 467
928 3 178 217 377
929 2 116 123
930 1 16
931 3 515 520 951
932 2 394 549
933 3 686 907 942
934 5 368 550 595 881 845
935 1 512
936 1 592
937 5 74 516 710 894 977
938 1 999
939 1 710
940 2 529 51
941 2 99 589
942 3 259 933 983
943 2 251 3
944 1 189
945 2 582 233
946 2 651 546
947 3 677 857 45
948 2 687 114
949 1 124
950 1 863
951 4 146 781 931 502
952 1 94
953 2 345 38
954 2 681 285
955 2 110 266
956 2 786 285
957 3 7 159 677
958 3 162 352 423
959 2 285 842
960 1 351
961 2 200 442
962 1 120
963 1 696
964 2 92 969
965 3 267 382 619
966 2 310 984
967 1 155
968 2 509 729
969 3 234 402 964
970 3 98 892 465
971 1 653
972 1 442
973 1 355
974 3 83 392 461
975 2 387 224
976 3 806 851 252
977 1 937
978 3 438 794 12
979 1 487
980 2 782 166
981 1 618
982 2 733 668
983 3 331 942 249
984 2 593 966
985 1 807
986 1 543
987 2 343 512
988 3 404 897 40
989 3 18 578 891
990 2 71 123
991 2 695 452
992 1 807
993 1 719
994 4 289 409 544 435
995 3 124 467 203
996 1 690
997 2 815 839
998 3 436 740 352
999 4 77 223 938 893
1000 2 826 365
584 0
909 0
517 0
275 1
560 1
527 0
485 1
144 0
638 1
677 1
583 1
471 1
390 0
595 1
411 0
911 0
401 0
720 0
731 1
946 1
114 1
610 0
774 0
971 1
104 0
734 0
367 1
847 1
640 1
152 0
431 0
598 1
504 0
349 1
89 0
120 1
922 1
653 0
549 0
607 0
352 1
68 0
493 1
541 1
494 0
190 0
14 1
475 0
808 0
965 0
957 0
509 1
73 1
967 0
956 1
536 0
343 0
781 1
514 1
960 1
64 0
991 0
329 0
570 0
651 1
432 1
37 0
69 1
992 0
670 1
382 1
687 0
581 0
478 1
417 0
173 1
301 0
941 1
405 1
845 1
34 1
339 0
94 0
501 1
132 1
310 1
718 1
568 0
297 1
48 0
119 1
534 1
705 1
57 0
115 1
205 1
544 0
340 0
0 0
