1
200
1 2 9 119
2 2 164 157
3 1 84
4 2 94 187
5 2 100 165
6 3 174 77 82
7 1 105
8 1 192
9 4 1 79 36 149
10 3 118 17 70
11 1 29
12 3 86 54 172
13 1 106
14 1 93
15 1 122
16 2 117 167
17 3 10 137 171
18 3 197 42 135
19 1 59
20 2 134 95
21 1 183
22 3 54 83 180
23 1 143
24 3 43 81 194
25 1 71
26 1 109
27 3 169 116 148
28 2 74 60
29 2 11 173
30 2 90 63
31 1 57
32 1 164
33 3 188 99 190
34 1 110
35 1 96
36 2 9 97
37 3 46 121 129
38 3 70 100 192
39 3 85 151 199
40 1 70
41 2 112 91
42 2 18 78
43 4 24 140 86 126
44 2 180 45
45 1 44
46 3 37 148 164
47 3 72 94 193
48 2 69 123
49 2 186 184
50 1 128
51 1 52
52 4 51 103 181 196
53 1 141
54 3 22 12 183
55 1 123
56 2 96 114
57 4 31 150 87 154
58 2 180 136
59 3 19 102 73
60 2 28 92
61 1 88
62 1 81
63 1 30
64 2 127 80
65 3 103 125 186
66 1 186
67 1 119
68 1 169
69 2 48 155
70 3 38 40 10
71 2 25 102
72 6 47 146 106 109 120 156
73 1 59
74 3 28 175 160
75 1 188
76 1 128
77 2 6 115
78 2 42 111
79 4 9 127 104 155
80 2 64 96
81 2 62 24
82 1 6
83 2 22 108
84 3 3 169 179
85 2 39 156
86 4 12 43 158 169
87 1 57
88 2 61 196
89 1 128
90 3 30 155 105
91 4 41 98 142 145
92 1 60
93 3 14 141 103
94 2 4 47
95 2 20 101
96 3 35 56 80
97 1 36
98 1 91
99 2 33 118
100 2 5 38
101 2 95 112
102 3 59 71 113
103 3 52 65 93
104 2 79 134
105 2 7 90
106 2 13 72
107 1 174
108 1 83
109 2 26 72
110 3 34 138 144
111 1 78
112 2 41 101
113 2 102 178
114 1 56
115 1 77
116 1 27
117 2 16 122
118 3 10 99 140
119 2 67 1
120 2 72 175
121 2 37 132
122 3 15 117 163
123 2 55 48
124 1 156
125 1 65
126 2 43 127
127 5 64 79 126 161 162
128 5 50 76 89 160 176
129 1 37
130 1 159
131 1 159
132 1 121
133 1 183
134 2 20 104
135 2 18 168
136 1 58
137 1 17
138 4 110 173 141 200
139 1 146
140 2 43 118
141 3 53 93 138
142 1 91
143 2 23 182
144 1 110
145 2 91 174
146 3 72 139 154
147 1 167
148 3 46 27 170
149 3 9 153 173
150 2 57 159
151 1 39
152 1 161
153 1 149
154 2 146 57
155 3 69 90 79
156 3 85 124 72
157 1 2
158 2 86 189
159 4 130 131 150 160
160 3 128 159 74
161 2 152 127
162 1 127
163 2 122 196
164 3 2 32 46
165 1 5
166 1 186
167 2 147 16
168 1 135
169 4 27 68 84 86
170 1 148
171 1 17
172 2 12 185
173 3 29 138 149
174 3 6 107 145
175 2 74 120
176 1 128
177 1 192
178 3 113 187 198
179 1 84
180 4 44 58 22 182
181 2 52 188
182 2 143 180
183 4 21 133 54 197
184 1 49
185 1 172
186 4 49 66 166 65
187 2 178 4
188 4 33 75 181 195
189 1 158
190 1 33
191 1 200
192 3 8 177 38
193 1 47
194 1 24
195 1 188
196 3 88 163 52
197 2 18 183
198 1 178
199 1 39
200 2 191 138
71 0
70 0
162 0
64 0
40 0
97 0
119 0
196 0
88 0
49 0
86 0
19 0
39 0
192 0
149 0
96 0
87 0
6 0
132 0
76 0
24 0
74 0
34 0
166 0
170 0
5 0
111 0
4 0
104 0
135 0
197 0
124 0
27 0
117 0
43 0
128 0
184 0
103 0
37 0
33 0
98 0
144 0
122 0
194 0
116 0
75 0
168 0
130 0
106 0
185 0
123 0
91 0
114 0
193 0
67 0
79 0
191 0
200 0
151 0
54 0
159 0
89 0
171 0
57 0
105 0
46 0
101 0
32 0
158 0
53 0
23 0
176 0
99 0
178 0
10 0
90 0
153 0
8 0
118 0
30 0
156 0
108 0
66 0
177 0
129 0
147 0
36 0
85 0
20 0
131 0
163 0
31 0
81 0
139 0
60 0
113 0
25 0
38 0
1 0
136 0
165 0
29 0
172 0
50 0
179 0
15 0
160 0
7 0
157 0
77 0
173 0
62 0
55 0
181 0
155 0
22 0
78 0
148 0
65 0
112 0
190 0
110 0
68 0
188 0
199 0
18 0
107 0
127 0
13 0
134 0
93 0
186 0
95 0
58 0
137 0
189 0
115 0
84 0
102 0
141 0
180 0
69 0
152 0
145 0
125 0
17 0
41 0
109 0
26 0
187 0
150 0
16 0
14 0
80 0
52 0
142 0
92 0
0 0
