1
50
1 1 20
2 2 39 35
3 5 15 25 30 33 38
4 2 16 34
5 1 30
6 2 43 44
7 2 10 22
8 1 22
9 1 40
10 2 7 19
11 3 49 14 21
12 2 23 31
13 1 44
14 1 11
15 2 3 21
16 2 4 34
17 1 46
18 2 42 49
19 3 10 30 40
20 2 1 39
21 2 15 11
22 3 8 7 42
23 3 12 39 28
24 4 39 27 32 37
25 2 3 41
26 2 40 45
27 1 24
28 1 23
29 1 39
30 3 5 19 3
31 1 12
32 1 24
33 1 3
34 3 16 4 47
35 2 2 39
36 2 40 50
37 2 24 43
38 1 3
39 7 2 20 23 24 29 35 48
40 4 9 26 36 19
41 1 25
42 2 18 22
43 2 6 37
44 2 13 6
45 1 26
46 2 17 47
47 2 46 34
48 1 39
49 2 11 18
50 1 36
27 1
23 1
14 0
42 1
9 0
20 1
31 1
15 1
8 1
30 1
3 1
17 0
28 0
22 0
1 0
26 1
48 0
46 0
40 1
41 1
16 1
34 1
45 0
25 1
18 0
29 1
35 1
39 1
49 1
19 1
4 1
10 1
50 1
47 1
44 1
7 0
2 1
33 0
13 0
37 1
43 0
21 0
32 1
5 0
6 1
0 0
