1
500
1 1 469
2 2 250 144
3 4 70 301 354 489
4 2 242 358
5 2 231 67
6 3 258 126 187
7 1 63
8 3 88 289 498
9 2 429 363
10 2 120 302
11 1 499
12 4 331 339 347 396
13 2 76 308
14 3 39 254 336
15 3 116 267 292
16 1 199
17 2 254 45
18 1 40
19 5 485 37 52 246 345
20 2 411 369
21 1 472
22 2 83 87
23 3 363 124 253
24 2 322 303
25 4 327 107 133 192
26 3 415 280 454
27 1 40
28 2 268 29
29 1 28
30 1 53
31 1 380
32 3 151 424 481
33 1 412
34 1 184
35 3 280 193 405
36 2 84 136
37 1 19
38 1 48
39 2 14 355
40 4 18 27 500 78
41 2 407 145
42 1 152
43 1 370
44 2 246 288
45 2 17 63
46 3 161 99 436
47 3 346 113 323
48 2 38 357
49 4 335 179 256 401
50 1 355
51 2 385 83
52 1 19
53 2 30 394
54 1 150
55 3 211 90 448
56 1 132
57 2 204 58
58 2 57 240
59 1 404
60 2 157 269
61 3 288 220 227
62 4 358 286 293 397
63 3 7 45 460
64 2 260 138
65 2 313 249
66 2 379 196
67 1 5
68 2 235 154
69 2 465 340
70 4 3 212 213 316
71 1 200
72 3 229 181 185
73 2 336 306
74 3 287 190 446
75 2 351 477
76 4 13 478 169 332
77 1 405
78 2 40 98
79 1 317
80 1 393
81 1 354
82 2 453 383
83 3 22 51 496
84 3 36 357 111
85 3 415 263 389
86 1 404
87 1 22
88 3 8 458 165
89 1 142
90 1 55
91 2 141 271
92 1 358
93 3 497 273 337
94 2 235 146
95 2 167 226
96 2 458 491
97 1 213
98 1 78
99 3 46 175 385
100 4 369 112 239 322
101 1 144
102 1 317
103 2 122 110
104 2 369 194
105 3 451 223 282
106 3 266 304 314
107 1 25
108 2 200 203
109 2 184 157
110 1 103
111 2 84 366
112 1 100
113 2 47 243
114 1 313
115 5 427 168 204 359 395
116 4 15 329 279 284
117 1 166
118 1 336
119 1 445
120 3 10 232 351
121 2 183 197
122 3 103 344 342
123 2 170 252
124 3 23 244 317
125 3 379 386 479
126 2 6 439
127 1 446
128 4 498 299 360 402
129 2 275 195
130 1 419
131 1 149
132 5 56 347 331 333 361
133 1 25
134 2 422 184
135 2 482 230
136 1 36
137 1 424
138 2 64 341
139 2 236 394
140 2 337 290
141 2 91 223
142 6 89 263 214 315 381 400
143 1 422
144 3 101 2 251
145 2 41 238
146 1 94
147 1 345
148 1 487
149 2 131 471
150 4 54 396 225 349
151 4 32 392 162 435
152 2 42 445
153 2 349 287
154 1 68
155 1 449
156 2 208 500
157 3 60 109 471
158 1 357
159 1 447
160 1 180
161 3 46 224 208
162 1 151
163 2 310 298
164 2 426 447
165 2 88 245
166 4 117 334 275 379
167 3 95 252 430
168 1 115
169 1 76
170 3 123 459 173
171 1 415
172 2 390 183
173 1 170
174 3 398 320 441
175 1 99
176 1 437
177 1 253
178 1 280
179 2 49 283
180 3 160 343 392
181 1 72
182 1 361
183 3 121 172 451
184 3 34 109 134
185 2 72 484
186 3 440 218 474
187 1 6
188 2 352 495
189 1 426
190 1 74
191 2 281 255
192 1 25
193 1 35
194 2 104 209
195 1 129
196 1 66
197 1 121
198 1 473
199 2 16 415
200 4 71 108 322 445
201 1 355
202 1 450
203 1 108
204 2 57 115
205 2 286 480
206 1 444
207 2 331 224
208 2 156 161
209 1 194
210 3 388 421 494
211 2 55 423
212 3 70 253 452
213 3 97 70 325
214 2 142 259
215 1 232
216 2 331 222
217 3 244 329 368
218 2 186 362
219 1 224
220 2 61 411
221 1 365
222 2 216 388
223 2 141 105
224 3 161 219 207
225 1 150
226 1 95
227 1 61
228 2 416 415
229 3 72 344 274
230 1 135
231 3 5 441 328
232 3 120 215 314
233 1 359
234 2 241 469
235 3 68 94 454
236 2 139 309
237 1 313
238 1 145
239 1 100
240 1 58
241 2 234 469
242 2 4 320
243 1 113
244 3 217 124 478
245 2 165 440
246 2 44 19
247 1 470
248 2 315 387
249 1 65
250 3 2 281 398
251 1 144
252 2 167 123
253 3 177 212 23
254 2 17 14
255 1 191
256 2 49 352
257 3 411 455 468
258 3 6 333 326
259 1 214
260 2 64 277
261 2 298 428
262 1 421
263 2 142 85
264 1 386
265 2 492 350
266 3 106 382 374
267 2 15 338
268 2 28 482
269 1 60
270 1 470
271 2 91 370
272 1 383
273 1 93
274 2 229 371
275 3 129 166 355
276 2 466 382
277 2 260 477
278 1 466
279 2 116 376
280 3 35 178 26
281 3 191 250 461
282 2 105 464
283 1 179
284 1 116
285 1 294
286 3 205 62 453
287 4 74 153 434 450
288 3 61 44 467
289 2 8 482
290 3 140 390 465
291 2 406 492
292 2 15 487
293 1 62
294 3 285 394 330
295 1 471
296 1 396
297 2 406 346
298 3 261 163 307
299 1 128
300 1 309
301 1 3
302 1 10
303 1 24
304 1 106
305 2 358 438
306 1 73
307 2 298 427
308 2 13 429
309 4 236 300 433 442
310 2 163 332
311 1 410
312 2 323 418
313 5 65 114 237 496 343
314 2 232 106
315 2 248 142
316 1 70
317 5 79 102 124 380 437
318 1 338
319 1 402
320 2 242 174
321 1 453
322 4 24 200 100 364
323 3 312 47 472
324 1 390
325 1 213
326 1 258
327 2 25 422
328 2 231 485
329 3 116 217 393
330 2 294 466
331 4 12 207 216 132
332 2 310 76
333 2 258 132
334 2 166 386
335 2 49 443
336 3 73 118 14
337 4 140 93 353 373
338 3 318 267 476
339 2 12 423
340 1 69
341 1 138
342 1 122
343 2 180 313
344 5 122 229 449 384 408
345 2 147 19
346 2 47 297
347 2 132 12
348 1 423
349 2 153 150
350 1 265
351 3 75 120 497
352 2 188 256
353 1 337
354 2 81 3
355 4 39 50 201 275
356 1 395
357 4 48 84 158 432
358 4 62 92 305 4
359 2 233 115
360 2 128 378
361 2 182 132
362 1 218
363 3 23 9 365
364 1 322
365 2 221 363
366 1 111
367 3 483 377 473
368 3 217 420 490
369 3 100 104 20
370 2 43 271
371 2 274 449
372 1 466
373 1 337
374 1 266
375 1 435
376 2 279 391
377 1 367
378 1 360
379 3 66 125 166
380 2 31 317
381 1 142
382 2 266 276
383 3 272 82 486
384 1 344
385 3 51 99 493
386 4 264 334 125 417
387 1 248
388 2 210 222
389 1 85
390 3 172 324 290
391 1 376
392 3 151 180 426
393 2 80 329
394 3 53 294 139
395 2 356 115
396 3 150 296 12
397 2 62 399
398 2 174 250
399 1 397
400 1 142
401 2 49 404
402 2 319 128
403 2 423 459
404 3 59 86 401
405 2 77 35
406 3 291 297 487
407 2 41 442
408 1 344
409 2 452 431
410 2 311 443
411 3 20 257 220
412 2 33 492
413 2 471 475
414 1 472
415 5 26 85 171 199 228
416 4 228 455 433 470
417 1 386
418 1 312
419 2 130 445
420 1 368
421 2 262 210
422 4 134 143 327 451
423 4 211 348 403 339
424 3 137 32 461
425 1 500
426 3 164 189 392
427 2 115 307
428 2 261 488
429 2 9 308
430 1 167
431 1 409
432 2 357 444
433 4 309 416 444 499
434 2 287 483
435 2 375 151
436 1 46
437 2 176 317
438 1 305
439 1 126
440 2 186 245
441 2 231 174
442 2 407 309
443 3 335 410 491
444 3 206 432 433
445 4 119 152 419 200
446 2 127 74
447 2 159 164
448 1 55
449 3 155 344 371
450 3 202 287 458
451 4 105 422 183 456
452 2 409 212
453 3 82 321 286
454 2 235 26
455 2 416 257
456 1 451
457 1 499
458 3 88 96 450
459 2 170 403
460 1 63
461 2 281 424
462 1 486
463 1 490
464 1 282
465 2 69 290
466 4 276 278 372 330
467 1 288
468 1 257
469 3 1 241 234
470 3 247 270 416
471 4 149 295 413 157
472 3 21 414 323
473 2 198 367
474 1 186
475 1 413
476 1 338
477 2 277 75
478 2 76 244
479 1 125
480 1 205
481 1 32
482 3 135 268 289
483 2 367 434
484 1 185
485 2 19 328
486 2 462 383
487 3 148 406 292
488 1 428
489 1 3
490 2 463 368
491 2 443 96
492 3 265 412 291
493 1 385
494 1 210
495 1 188
496 2 313 83
497 2 93 351
498 2 128 8
499 3 11 457 433
500 3 40 425 156
266 1
55 0
45 1
201 1
13 1
147 1
98 0
162 0
54 1
336 1
216 1
243 0
383 0
198 0
167 0
248 1
28 0
106 0
279 1
79 1
435 1
224 0
207 1
151 0
244 1
297 0
17 0
261 1
204 0
119 1
232 0
173 1
185 1
327 0
307 0
298 1
345 0
400 0
238 0
437 1
470 1
462 1
189 0
35 1
34 0
374 1
208 1
281 1
317 0
218 1
23 1
440 0
490 1
489 0
180 1
301 0
161 1
65 1
348 1
50 1
166 0
352 1
137 0
251 1
31 1
356 1
241 0
97 1
177 1
203 0
339 1
270 1
256 1
404 0
463 0
234 0
478 1
242 1
433 0
368 1
274 0
1 1
495 1
481 1
446 1
350 0
222 1
197 1
24 1
422 0
362 0
318 1
184 1
406 1
9 1
125 0
48 1
170 1
343 0
110 1
142 0
482 1
135 1
480 1
364 1
494 0
451 1
259 0
355 1
191 1
285 0
275 0
53 0
328 0
313 1
115 1
475 0
385 1
443 0
77 0
418 1
89 1
366 0
276 0
163 0
144 0
70 1
454 1
444 0
457 0
369 1
436 0
407 1
214 0
375 1
14 1
249 0
371 1
332 0
87 0
250 0
73 1
431 1
337 0
389 0
498 0
60 0
38 0
41 1
76 0
294 0
292 0
346 1
80 1
496 1
445 1
36 1
335 1
410 0
378 1
467 1
91 0
44 0
269 1
117 1
390 1
105 1
438 1
363 1
380 0
67 1
442 0
402 0
101 1
188 1
423 1
319 1
108 1
486 0
81 0
439 1
183 1
430 0
94 0
291 0
264 1
409 1
231 1
33 0
213 0
397 1
90 0
387 0
254 0
300 1
263 0
32 1
129 1
398 0
16 1
206 1
220 1
7 1
316 0
487 0
342 1
47 0
393 0
384 1
152 1
252 0
121 1
63 0
219 1
379 1
290 0
471 1
174 0
358 1
230 1
282 1
2 0
412 0
333 0
485 0
178 1
128 1
416 1
136 1
370 1
88 1
381 0
66 0
334 0
272 1
58 1
492 0
372 0
293 0
169 0
452 1
225 1
25 1
74 0
308 0
22 0
227 0
310 1
295 1
71 0
140 1
349 1
158 1
52 1
102 1
51 0
96 1
394 0
484 0
314 1
217 0
4 1
111 1
377 0
49 1
138 0
312 0
150 1
432 0
414 1
132 0
156 0
21 1
497 0
262 1
434 0
5 0
75 0
46 1
324 0
296 1
472 1
411 1
182 1
268 0
421 1
329 1
221 0
361 1
341 1
126 0
127 1
179 0
354 0
85 0
228 0
344 0
326 1
376 1
72 1
320 0
287 1
146 1
447 0
448 1
226 1
104 1
408 1
56 0
271 0
351 1
405 0
59 0
84 0
113 1
3 0
321 1
215 1
99 0
148 1
340 1
477 1
11 0
100 1
82 0
424 0
246 0
20 1
212 1
322 1
12 1
192 1
211 1
499 1
449 1
265 1
359 0
247 1
176 1
401 1
258 1
43 1
229 0
353 1
367 1
330 0
396 0
165 1
236 1
139 1
103 1
413 1
429 0
425 0
42 0
456 1
500 0
145 1
27 1
237 0
253 1
210 1
233 1
382 1
195 1
155 0
118 0
202 1
40 0
464 0
255 1
468 0
299 1
304 0
172 1
10 1
92 0
130 1
309 0
39 0
305 0
154 0
123 0
30 0
143 0
325 1
62 0
306 0
479 1
488 0
93 0
164 0
209 0
386 0
64 1
83 1
78 1
260 0
112 0
131 0
360 1
18 0
273 1
286 1
114 0
315 1
223 0
68 1
186 0
171 0
473 0
373 1
347 1
133 0
419 1
426 0
284 1
116 0
107 0
391 0
193 0
331 1
388 1
0 0
